,Tokens,Predicted Tags,Predicted Tag Indexes,0,1,2,3,4,5,6,7,8,9,10,11,12,13,14,15,16,17,18,19,20,21,22,23,24,25,26,27,28,29,30,31,32,33,34,35,36,37,38,39,40,41,42,43,44,45,46,47,48,49,50,51,52,53,54,55,56,57,58,59,60,61,62,63,64,65,66,67,68,69,70,71,72,73,74,75,76,77,78,79,80,81,82,83,84,85,86,87,88,89,90,91,92,93,94,95,96,97,98,99,100,101,102,103,104,105,106,107,108,109,110,111,112,113,114,115,116,117,118,119,120,121,122,123,124,125,126,127,128,129,130,131,132,133,134,135,136,137,138,139,140,141,142,143,144,145,146,147,148,149,150,151,152,153,154,155,156,157,158,159,160,161,162,163,164,165,166,167,168,169,170,171,172,173,174,175,176,177,178,179,180,181,182,183,184,185,186,187,188,189,190,191,192,193,194,195,196,197,198,199,200,201,202,203,204,205,206,207,208,209,210,211,212,213,214,215,216,217,218,219,220,221,222,223,224,225,226,227,228,229,230,231,232,233,234,235,236,237,238,239,240,241,242,243,244,245,246,247,248,249,250,251,252,253,254,255,256,257,258,259,260,261,262,263,264,265,266,267,268,269,270,271,272,273,274,275,276,277,278,279,280,281,282,283,284,285,286,287,288,289,290,291,292,293,294,295,296,297,298,299,300,301,302,303,304,305,306,307,308,309,310,311,312,313,314,315,316,317,318,319,320,321,322,323,324,325,326,327,328,329,330,331,332,333,334,335,336,337,338,339,340,341,342,343,344,345,346,347,348,349,350,351,352,353,354,355,356,357,358,359,360,361,362,363,364,365,366,367,368,369,370,371,372,373,374,375,376,377,378,379,380,381,382,383,384,385,386,387,388,389,390,391,392,393,394,395,396,397,398,399,400,401,402,403,404,405,406,407,408,409,410,411,412,413,414,415,416,417,418,419,420,421,422,423,424,425,426,427,428,429,430,431,432,433,434,435,436,437,438,439,440,441,442,443,444,445,446,447,448,449,450,451,452,453,454,455,456,457,458,459,460,461,462,463,464,465,466,467,468,469,470,471,472,473,474,475,476,477,478,479,480,481,482,483,484,485,486,487,488,489,490,491,492,493,494,495,496,497,498,499,500,501,502,503,504,505,506,507,508,509,510,511,512,513,514,515,516,517,518,519,520,521,522,523,524,525,526,527,528,529,530,531,532,533,534,535,536,537,538,539,540,541,542,543,544,545,546,547,548,549,550,551,552,553,554,555,556,557,558,559,560,561,562,563,564,565,566,567,568,569,570,571,572,573,574,575,576,577,578,579,580,581,582,583,584,585,586,587,588,589,590,591,592,593,594,595
0,the,O-DET,4,0.00025174878378452116,0.000450739783665419,0.0015557620409185173,0.0013672686906957368,0.9948861672670513,0.00014432471608392665,7.711013148909848e-05,0.0005443268341968169,6.809352718556857e-07,0.00014839798685817193,1.162697629362112e-05,1.9955186282562033e-05,2.068877677619484e-05,0.00023058801382540338,9.351126094894842e-07,2.7328830264118616e-05,6.6179810303316515e-06,1.7318386605040595e-06,9.874012540785072e-06,2.5971101910095386e-07,3.6686528462331204e-06,2.554341584331182e-06,2.3911022556266702e-06,0.0001343900178884426,2.619485978816634e-08,5.346172687012558e-06,9.443149997747812e-06,3.2579036363938706e-07,4.036132022045324e-07,4.277064482145171e-06,3.920797644524213e-07,6.984436985453392e-06,2.0620837256098668e-07,6.288403501940021e-07,7.579296444225913e-09,8.047682108150613e-08,3.8150786537751273e-10,6.387257637302398e-08,1.5949143188310584e-07,3.210146999340552e-08,2.2494030610394897e-08,5.963457190373769e-11,2.9783383919242412e-08,2.9572455231507423e-09,3.782412131883862e-12,8.0344574193457e-09,1.2754977386666771e-06,2.682742379974925e-07,1.604781921441e-08,4.556987790712456e-09,1.1622834417965484e-08,1.1745813815176369e-07,6.809628061881483e-10,2.977238049096421e-07,1.6363227127875652e-06,3.9862153740677365e-09,3.5204001947468316e-09,1.189112334248678e-06,7.485559898826073e-11,6.189608924225147e-08,2.3183999642298927e-08,1.5711565112101164e-09,5.29559829089509e-11,3.4600917769535957e-07,5.4241047517668594e-08,2.9097004237469763e-08,1.5659814862838972e-08,8.132196363332326e-11,3.7212105056570966e-07,1.6300038149572303e-08,4.54572214741138e-08,2.1692599796554002e-10,4.6059073194644984e-08,1.0830438867225552e-10,1.1958852027313586e-07,1.768920484313452e-08,1.3428974525809338e-09,5.867361883279013e-08,1.5397855696883616e-10,2.793273773051808e-07,7.064319986372278e-12,1.7858981726025094e-08,6.825648505799203e-10,3.2277415516234684e-09,2.5883446044126032e-09,3.424084704103221e-09,8.946260318460168e-13,6.948880546499103e-13,2.2611331617534666e-12,6.799660323147475e-10,7.432472756175066e-09,8.255444339187422e-10,9.6063707815369e-11,1.0010613016313684e-07,3.061274641428242e-08,4.205132251547624e-08,5.857381944338978e-10,7.739195234183728e-10,2.3138915572859405e-10,7.227361206843322e-09,6.299435011840843e-11,7.662373292872369e-11,1.7370488322784412e-10,4.9794627777445744e-11,8.22749953683128e-09,2.0906043877002656e-08,6.22102396715125e-07,7.238815582382205e-08,1.2437556820177848e-08,5.822450907752929e-10,9.321555907692386e-09,1.387090944004673e-09,1.6561042805529305e-13,3.2905887039471905e-08,1.9618379898847232e-07,7.268082717353626e-10,3.769238586742962e-09,1.3301717553735984e-09,7.544910717537323e-09,2.475399564702808e-09,6.409734426169868e-09,5.060177020873725e-10,1.79778202848746e-11,1.3887004420034408e-09,8.615741182248181e-08,1.86300041114978e-08,7.247508123062916e-11,6.417801870954346e-11,1.7105824938369625e-09,1.260564966307871e-07,2.1721747608425345e-10,5.5704035230365855e-09,7.862003496329411e-09,8.80186052597716e-11,5.511558209981176e-09,6.965584652310346e-10,3.814354936242848e-08,2.243111286638567e-10,3.0874610574396404e-09,3.151067999569703e-11,1.1551129113141174e-10,2.4882752792846985e-09,1.4363772187761674e-10,3.273882738595399e-10,5.0231138819355854e-11,1.1439921438197316e-10,4.5380052198317276e-11,1.576877896395459e-10,1.600727510168163e-09,9.105930286549702e-10,1.5914242378045257e-09,2.0808725924069047e-09,6.997710944880502e-08,7.6011202829095e-11,1.6722266902229864e-08,6.204211721517687e-10,4.745205564217386e-11,4.95262179565212e-10,5.3689877621016253e-11,1.8777840128615617e-08,1.2791398297216468e-10,2.184732457584025e-09,1.0709161575767819e-10,7.058478228963005e-11,5.2465362817547563e-11,2.2790760950349653e-12,5.613597335207956e-10,1.6192998497174264e-09,2.3499714426871435e-10,1.5077881364326823e-09,4.95262179565212e-10,3.272184692577425e-10,1.4201675961720737e-11,1.3465453548539584e-08,1.3745800870237945e-10,2.2429743821687362e-10,1.0464277071758686e-10,8.86061304423711e-11,1.11300271452388e-11,2.9478843581820423e-10,1.038914819519615e-09,3.492258116573389e-09,1.0543418315022251e-09,1.107003254890823e-10,1.2475314214047412e-11,1.0886000641624747e-07,8.549821351499201e-11,2.4419516965250977e-11,4.5572810014830154e-10,3.08492831412482e-10,3.0573534020690365e-08,1.33448164633848e-09,8.918396793035444e-11,3.8890186010147033e-10,5.329627508295365e-10,1.2145032833126687e-09,2.5054445510680647e-12,5.191570396768014e-10,5.067594821189455e-10,3.299448518495153e-09,1.2396038687359261e-12,1.2866960567495478e-10,1.968567979164776e-09,1.765372853060785e-10,4.414103639852355e-10,8.237352080769202e-11,1.5649563275861097e-13,9.04671520600214e-12,1.338569231900696e-11,3.0610045055045535e-09,2.618233211747137e-11,3.7802974695404805e-09,9.753513326101042e-12,1.1704384073655744e-09,1.679653876585068e-10,1.0592727623582746e-08,1.5014057310315597e-09,2.8494282952749276e-09,2.173766291918639e-10,1.847549782533808e-09,1.5609445760032215e-12,2.5962814193627402e-12,9.50924181102229e-11,6.435410569866919e-09,6.875660204330821e-12,6.80256607215012e-10,3.0238658652931982e-09,1.4737996028685844e-08,6.184781467553162e-12,3.8659312775834585e-09,1.0275913917621599e-08,4.92940053348165e-10,1.539968452300285e-09,1.8518963587942595e-09,4.429472424295427e-09,1.3446608343826262e-09,2.3279155289453265e-10,9.2157989584883e-10,8.655592694270663e-10,1.5625547177053902e-10,8.462572251405505e-10,2.0519346069583464e-10,2.8468395821582436e-11,5.611236560031703e-12,2.1856066005544732e-10,4.6917832398980016e-11,3.070089280680356e-10,3.7675260160903955e-10,8.086633409172406e-10,2.9354859629383742e-09,6.763627063216551e-09,7.59735947221855e-09,5.501511853925222e-11,3.08616263844255e-11,1.100267220883467e-10,7.841448475008073e-11,1.3725634784749842e-09,1.5614055256216665e-09,5.5546531067188054e-11,1.4910099857576082e-12,4.74186037660879e-10,1.0122568680332572e-11,1.373242918670322e-11,1.310188938301793e-09,3.683509870019528e-10,1.0994915747657943e-09,5.304621050226188e-09,1.0148793548338455e-09,4.416259490183066e-10,1.4187380936109636e-11,4.1672178671989117e-10,2.0486809453986825e-10,1.4122491305239139e-09,6.396467913296766e-10,6.783309269150884e-11,9.700314454633435e-10,2.8837394682684343e-11,4.235541564796399e-09,6.850063431897848e-10,1.9502172442742653e-10,5.123419674853024e-10,6.595889375243697e-10,4.443703440419106e-10,3.41210014739655e-10,1.5569379614438745e-10,1.3500150093620587e-11,3.996934929800744e-09,1.4834157680247901e-09,2.0310570347170885e-09,2.237171055329621e-11,5.476200257637184e-10,3.767386132904757e-08,9.785083346926084e-11,1.04744318289612e-08,8.011957862218719e-10,1.3500517460564838e-10,1.360515768493744e-10,6.661656330070127e-11,9.572684461093161e-10,1.0197846938359537e-09,2.067397113732184e-10,6.280794201888739e-10,9.055001513736217e-12,3.8071698294518127e-10,3.0096879238061347e-09,1.844688695727528e-11,1.4478637745529323e-10,1.3482034615885677e-11,1.9786197268301282e-08,3.455682533963915e-09,6.396663120984653e-10,1.2687165858442827e-09,1.339055093594014e-10,2.4233759505019066e-09,1.1209071170775742e-10,1.2808237245378543e-11,2.634012636177755e-10,6.272174763493587e-10,4.122440788589653e-10,2.8044908958343027e-10,1.0872128459870942e-09,7.775389792192353e-09,1.583865883261696e-09,3.704942401182361e-11,8.599774136406933e-10,6.3707316600243794e-09,4.351242887887993e-10,2.1580278927372434e-09,8.110633781050119e-11,3.689472516218265e-10,7.787764208551088e-10,9.93520077082894e-10,8.097278875572461e-11,5.588470668415881e-10,1.934272999776225e-10,1.8442824757851771e-09,2.512625506220893e-10,6.624758726860392e-11,1.384900652122513e-11,7.157343437349718e-09,4.585866032406008e-09,2.9031656514976356e-11,6.852990720032748e-10,5.628540011019905e-11,3.5153544121261212e-09,6.074173109156995e-09,1.0075040573978988e-09,4.5804263900175733e-10,3.6941039621133815e-11,1.0458211287034573e-10,3.469430912605461e-10,3.356536113763877e-10,1.0914014608618875e-09,1.9521758048275196e-09,8.102443049125464e-10,4.338674850451503e-12,4.212967699984359e-08,1.4516639018078073e-09,8.107857944628353e-09,2.5230068982319264e-11,2.7043053323259107e-10,6.753130690623416e-10,7.773517433684328e-10,1.3187734713227509e-09,7.05953201140543e-10,3.54304551453704e-10,4.3528366524344495e-10,8.025416959632673e-10,2.8881335164648356e-10,5.905664441096029e-10,2.3228846622967057e-11,2.7381130923610414e-11,9.394983542294071e-10,1.624155344802083e-10,7.579090201540593e-10,1.129143291785208e-09,4.6145047895122056e-09,1.0293872506230195e-10,3.4716550764357374e-10,9.079568878916677e-10,2.1922867304576147e-10,3.7101470834986414e-11,1.5732676355031328e-09,1.5427908019031511e-09,3.989136034853526e-09,4.567166186677484e-10,2.708664991463343e-08,6.095010262948789e-11,1.0097169073022272e-08,1.847757001773485e-06,9.313056461639321e-10,1.0342714371672849e-11,8.103706268022934e-11,6.342624110238097e-10,4.771603160837756e-09,2.7101622737939533e-09,9.062405761056081e-10,3.1742213422193187e-10,1.2733712825497146e-09,1.9934755172559684e-09,2.798250052327533e-10,2.2530517089416313e-09,8.574354683296863e-10,2.8091928064905814e-09,4.806695613935954e-10,4.937379953217223e-10,3.3276722950698665e-10,7.010605402712235e-11,1.289880605751487e-10,1.0681999406956287e-08,1.784263882225257e-08,3.5043450797453406e-11,2.9320837469961482e-09,3.5782518369246935e-10,8.476585683153426e-12,2.0167344453006047e-10,3.5313755448544296e-09,5.428723640925396e-07,1.316601989348419e-09,1.8139666178774686e-08,1.2321991563336842e-09,3.946874658653316e-09,1.1257026725616399e-09,1.2435320753662555e-09,1.4605958227247194e-09,3.726361277765151e-10,4.68216889845439e-09,4.775390725352192e-09,2.319901570026482e-10,5.737238489349386e-09,1.8271339928002975e-08,5.053232694615292e-10,1.0345487070965296e-09,2.105915336783942e-09,5.452354115133922e-10,4.791610398096739e-10,5.252446392111229e-10,2.672137927874842e-09,3.6046540344668455e-09,9.59227753980878e-10,3.6552907440425076e-10,7.813899481283038e-08,1.666938764921473e-10,8.954609474915246e-09,2.295316671952318e-09,1.6747346803878876e-09,3.7000715253669175e-10,1.5585915339660017e-08,2.194682061337737e-08,2.5361134726399012e-09,2.803369227368597e-09,7.941822556754078e-09,1.0615091459608054e-09,2.21900154642653e-09,1.2534423602980577e-10,1.4967851097672176e-09,3.3616505776809995e-09,3.353055185972676e-10,4.1797994356501364e-08,7.889669922626399e-10,6.259554313062723e-10,1.2384572142010872e-09,3.0591468998324627e-10,6.633638321857408e-10,6.447816555308101e-10,8.901450056985509e-08,6.893683576230635e-10,8.089348494000041e-10,3.486519317973064e-10,2.9405166727486736e-10,8.285226398480731e-10,6.553110203370698e-08,4.163926435758509e-11,1.5576456848276677e-09,1.0145696854880553e-09,8.636331373243193e-10,4.731741481987334e-10,7.22297519984858e-10,4.490706727290664e-08,9.4895287383031e-11,4.9059724828633875e-09,1.9422583970899705e-10,2.641015308932214e-10,1.3523564652767967e-09,1.1818484191064318e-08,4.157677024670685e-09,4.205146153252851e-09,1.6911696294125527e-09,1.4940974567216943e-10,3.236936730994482e-11,6.160064560341688e-10,2.3157206038694555e-09,3.977223457821497e-09,6.907348917291889e-09,4.081866711721946e-09,1.6277225880037053e-09,1.2462294172366072e-09,3.1415518473557614e-10,7.59228551706037e-10,1.555223256178618e-09,4.994649079637734e-09,1.117078738691329e-09,8.920029949776133e-11,3.4297320738274803e-09,5.466349027269285e-10,1.0293210209064714e-09,1.093768816651145e-09,1.375914008798172e-08,3.4140678861843774e-09,1.437025389291861e-08,1.3063561113806234e-09,4.301585219171081e-09,1.119019891028513e-08,1.389972417405657e-09,6.029314970037958e-10,1.9917186367937943e-10,5.54868657779791e-09,1.9294322678054654e-09,2.152240182735486e-09,7.538491325315431e-10,3.5539830040525177e-10,3.926810836758997e-09,2.0753551424477677e-09,2.294553864220972e-10,2.0732097293836248e-10,2.6449500475015443e-08,1.2291945268651634e-09,8.684640347700265e-08,5.304314827156056e-10,1.083569263714338e-09,1.778452962647345e-09,3.6629958464008475e-10,1.108415724437203e-08,5.024104003222029e-06,1.0871500837930691e-10,9.056323424216744e-10,1.3269282267330815e-09,1.701938736014207e-09,1.8525807920987725e-10,2.0801810513568916e-10,9.35835597262834e-10,1.7266897816157616e-10,9.093681228033579e-09,4.697928570538952e-10,1.0354049231786502e-10,1.1883946364871054e-08,1.6827266692382797e-09,2.6546626773031525e-09,4.1642801387100145e-09,1.817130769569896e-09,1.1786787678063518e-08,7.563840063302049e-10,2.3478848531891215e-09,2.8732668992715763e-09,1.1169764717597697e-09,1.590647364870089e-09,6.81794567177005e-10,1.68297788880175e-08,6.268347699872353e-10,4.62507864899963e-09,1.20612687318651e-11,1.0611852485032265e-09,8.487142285480719e-10,6.761563282967342e-09,7.904129573887182e-10,2.713233152557755e-10,2.2299236897559084e-08,3.6954448143932275e-10,3.6952070532761853e-09,4.23063258985404e-09,2.3924398154192236e-09,1.8293717905322648e-09,5.772381979053781e-10,7.683891130159582e-10,7.980235108931507e-10,9.28014616421205e-10,1.1300395740030547e-09,1.203173886393259e-08,1.2932660833990404e-09,5.6026254563682455e-09,3.5548390297026535e-09,3.7879192672663485e-09,1.7909311776463504e-10,2.1817936128012407e-08,2.473511704965559e-09,2.7535973137423834e-09,1.7635362262484942e-09,1.4738993042528643e-10,3.837485562219985e-09,1.128351019339161e-09,2.423301996065472e-09,4.4710450362655034e-10,2.5366636887025334e-10,2.7692719188310116e-09,4.857109808092315e-09,1.65856067519839e-09
1,everything0pounds,O-N-n.GROUP,9,6.088402926582096e-06,0.000445692481262872,0.10071085305132346,0.0002846078775379477,4.077081931483873e-05,0.0005417085289154972,0.027438869451114106,3.284436159366424e-05,2.5082171287520295e-05,0.5277032438685528,0.024672725289388308,0.035875604534578644,0.06498017239464168,0.04455535415567829,0.0027423054731104705,0.005533864424930901,0.008705193745364902,0.004923723698049082,2.085040454997392e-05,0.0009770534117444496,0.03435204424010438,0.006168010710563098,0.028600779992519507,1.0244187884866601e-05,0.00010111836971258843,5.395654578864026e-05,0.00014088681633922902,0.016718363404978436,4.585680605597351e-06,0.00024442064231400604,0.00014221297294912067,0.010060674249433106,0.00023261649962751424,1.756048028339687e-05,2.2246146020818505e-07,0.0006835518755091355,4.082809393326208e-05,1.1510822244374862e-05,2.1054376712607637e-05,3.3966788846820623e-06,1.0476565744549613e-05,4.961633013775594e-06,0.0008531379028643235,3.882313832005883e-05,2.8068419396834295e-05,3.103394901991292e-06,0.002040459853544003,2.5509055510482505e-05,1.7987401185566185e-06,0.001135375056557312,0.00010952872323374199,1.1085062137374434e-05,1.0642197177229355e-05,4.963585416524233e-05,6.511602001561515e-06,8.483117846953639e-05,0.00028098322830141727,0.0003026677902193913,3.1608396565518675e-06,0.0013954275218848167,2.2892079181538175e-06,1.6004674042072102e-06,0.00019719626913740012,0.00018111768848140582,2.870346278735153e-06,1.5160734064024759e-05,4.992754297076133e-05,0.00017838591739609193,6.908311622579227e-05,2.127722012694745e-05,0.00013480077011482797,0.0004833223864703662,0.0002130508917931297,9.596803781807407e-05,3.032245040355274e-06,5.857860131702886e-07,7.212747260269604e-06,0.0001085437833074403,3.757130290687882e-05,2.3719075573793044e-05,0.0011409672558832084,0.0006278753205814822,0.000778428322221215,0.00040401587085330405,1.018561581038256e-06,0.0001871180696304925,0.00047997109819507603,0.0010027603023237072,4.855711736109964e-05,0.004765105760353301,7.20172606572765e-05,6.581325336010633e-06,3.969908235067066e-06,9.961786346505648e-06,5.846251748177278e-07,0.0014763861629842772,0.00015018850020731886,1.0662026847795617e-05,0.00025180256887142287,8.937623474237039e-07,4.820015035435947e-07,1.1978496656320387e-05,2.0022964315748158e-06,8.293690500436014e-05,0.0008743828913089193,5.881107209081498e-05,0.0002997630254725544,4.937766709364737e-06,0.0010939807961758024,0.0019145546087803427,4.130053889548345e-05,3.896808071259073e-06,2.7218221758066667e-06,2.452583045769933e-05,6.555467120095931e-06,1.039408481265655e-05,8.421212616622577e-05,1.058066865533772e-05,7.237000659600354e-06,4.986696315458813e-07,0.0012769650859730266,0.0010488332697410185,0.002356739756335951,1.0316974900243937e-05,0.000203046570213845,3.2721414230026546e-06,0.0011423260270551272,5.0328344094953916e-05,8.90573864657001e-06,7.237442384546633e-06,4.2850197965389156e-05,2.3486498616370977e-06,2.5319896864993883e-06,7.124125547218006e-05,2.4649720774876385e-06,3.7758911551948266e-07,9.628224050647006e-06,0.00013294192961412003,4.0092470814736933e-07,0.0015136594281455835,3.508686135570255e-07,0.000255128638377094,6.774921927753335e-06,1.3280855288720239e-05,5.300037664831995e-06,0.0011237239230590887,6.060226224923455e-06,9.46392191898664e-06,2.2637735448663612e-05,0.00011551957560099303,3.9332353449982134e-05,1.535115153221637e-05,0.0001191247427523607,0.00039453643194745384,1.6705269039573043e-05,3.3244816945560208e-06,9.86196665654033e-06,1.7147991470813516e-06,2.036367640688514e-05,0.0001817267101850774,1.87255788244147e-05,5.8244872672202764e-05,0.0017914363534193404,2.1227350649899843e-06,1.820381456186866e-05,4.9967174051485116e-05,5.5426898107145044e-05,8.480039839169304e-06,5.863007924879694e-05,4.648096698182211e-06,1.1835369662106883e-06,2.1570117285186973e-05,0.00011299174434877617,7.647037265250584e-05,8.184318117564082e-05,9.318934402611499e-07,0.00011614171135057707,4.042268645191215e-05,2.4661007104607773e-06,4.008486530337682e-05,2.609734131794162e-06,1.5814782885565876e-05,0.0058936450706608655,1.158663458353365e-06,0.00043108445190120025,5.558273428071249e-05,4.1255326069030824e-06,3.566865916850019e-06,6.165040483438748e-05,1.0298449562952508e-06,2.3050434745245725e-05,1.3202503120741222e-06,2.6778986430861297e-05,1.0696246464172204e-05,8.731887065776821e-06,2.0218775081007963e-05,3.230655269438924e-05,0.00010050000474983299,4.729657752499466e-06,2.24349238308308e-06,0.0003489856561971402,2.5630787083615382e-05,4.2614159614092385e-05,6.84535278314004e-05,9.322316904719622e-06,1.085143336959769e-05,0.00012076827116402368,6.7460380849443985e-06,6.156996387272773e-07,2.623540092421756e-05,7.821720951996472e-06,8.94059472210893e-06,6.331882492417451e-05,7.605403234823658e-06,2.704682242349305e-06,8.0902290414074e-06,1.3882159854753351e-05,3.303334130209549e-05,4.876369259831077e-06,1.0200858380102862e-06,5.500749398674742e-06,9.318619209310931e-06,6.9957429756940015e-06,6.164852344204942e-05,2.3394856095001174e-05,4.860768695096435e-06,5.650648535352947e-06,3.0385440746520614e-06,4.978013030881603e-06,3.3293551093124196e-06,1.0277066453314616e-05,2.412873051811422e-06,4.513621900796042e-06,1.2510904773131577e-05,7.938377681937603e-07,7.9805902830473e-05,1.4524914645700125e-06,1.984647534940128e-05,0.0006278178395103511,1.0930869822602e-05,4.911166718853358e-06,6.542298275786094e-07,1.7456289457766736e-05,6.852922754778867e-07,1.122428952953312e-05,1.687075009378089e-05,5.444152975131636e-07,9.690454271573814e-07,6.0349418680053595e-06,1.1544632968947564e-06,4.663299311826361e-06,5.485010405465566e-07,4.9440833471295976e-05,2.696440789041853e-06,1.7043127071423777e-06,1.3382159284726405e-05,9.091371196484645e-06,4.121883085426847e-06,0.00011633681504854609,4.5725447323153604e-06,1.7360719477180406e-06,5.6422050886295765e-06,9.101364763817031e-06,6.16995451647078e-06,6.996360355213447e-05,1.0032566842152353e-05,1.1420236470633472e-06,1.3680290052050459e-05,4.215268652790681e-07,1.2194266475275284e-05,2.6670603318445694e-06,1.2242367086515093e-05,0.00019867013014688258,1.1752587559334013e-06,0.00011753944574309936,4.95831934887461e-07,6.369890855596633e-06,1.4015016225845065e-06,2.240960572448842e-06,1.8341611134973308e-06,2.026764610609353e-06,1.6249766852178445e-06,6.850854375901981e-08,6.334995929589099e-06,5.186575528644261e-05,1.9350149453592224e-06,0.00010119863463319717,1.5972470507727726e-06,5.226793076308521e-06,8.017966806753082e-06,8.461685621074243e-06,0.0001370238959149212,1.0419526443988027e-06,2.4103707587992152e-06,4.3332815692888584e-05,1.0664990920296188e-06,1.3286169150493966e-06,4.0182848303544715e-05,2.990705573313765e-06,7.046094196280066e-06,1.0247035796997537e-06,2.4109672704298093e-07,0.00012909576628968304,1.4683129278547913e-06,1.0089060520535208e-05,8.375619214932e-06,2.4642199424806634e-06,3.2841463310107125e-06,1.0450381528532586e-05,6.060781080604168e-06,2.346421227042067e-05,2.7846773890590383e-07,9.730130953461662e-06,4.922570583904383e-06,2.042099765980501e-06,3.2653473363422265e-05,1.8346089614046403e-06,2.054532375812445e-05,5.583623567788434e-06,5.331997268305458e-06,2.6175421524077212e-05,1.2472782720970587e-05,4.803845812072804e-06,2.1740620713497157e-05,3.797707643297536e-05,1.743392939625473e-05,5.91117594139165e-06,3.3396329300324744e-06,8.96299605385794e-06,1.970411672159716e-06,3.5635900671345516e-05,4.652070157900925e-06,1.0081981450309954e-05,1.0358969171252485e-06,1.1133580015454363e-06,9.044327406089553e-06,3.373424480231754e-05,4.536545554737508e-06,9.412333690393398e-05,5.423737840166678e-06,0.00035331496922600514,7.37593448539786e-07,5.878076321083323e-06,5.396825179410781e-06,7.645687730449822e-07,1.7949564733354125e-06,1.853228718632596e-05,2.894536547786518e-06,2.5599603219578685e-06,5.040860754529918e-07,1.6405674107930893e-05,2.664375740543315e-06,7.02121805722536e-07,9.785817483815738e-06,3.511555177599252e-05,7.71600749941909e-07,9.997419045325955e-06,5.018893708245911e-06,6.365442413977042e-07,4.997207929508446e-07,4.547064506981103e-05,1.0388411082085903e-06,0.002812739972864645,1.5051067553140532e-06,1.4170224291342855e-05,6.4018513253457775e-06,5.844805292555113e-06,3.93996292977725e-05,1.0612753904306307e-07,1.9497748943259905e-06,1.5582007624025596e-06,1.0167603017660632e-06,1.6864572971706586e-05,1.002460958873677e-05,0.0001241842886978045,5.349273478508093e-06,2.542675458517193e-06,4.382101396519233e-06,1.8026358012906183e-05,2.860106364656654e-05,4.058722317572593e-06,3.075205985253555e-06,2.6326832940465432e-05,6.838067666812852e-06,0.00022271058574580712,1.7067069160794574e-06,3.436927627540478e-06,5.16005224893397e-05,9.960266414504735e-06,1.8304705372159045e-06,2.7640941009784083e-06,2.809945901531883e-07,9.345959881783332e-06,1.07083663569317e-06,1.3483457596896563e-06,5.40818343813551e-05,3.3410600800068064e-06,1.4711386326776365e-06,2.0800265855620794e-06,2.069137081896336e-06,3.651228844356258e-06,1.7025971917438013e-06,2.247672696051688e-06,1.6457825614004956e-05,4.147117995738441e-06,8.639380427497164e-06,1.5277826604923747e-06,1.1200032676934104e-06,4.2688633784229044e-07,1.4054849229614913e-06,1.184074956039001e-05,1.7605553910940385e-05,1.552689289895065e-05,5.220575923249354e-06,1.4154233007030554e-05,8.387157006003017e-07,1.7740445970057668e-06,2.2808399199896503e-06,2.368298902839922e-06,3.1913714419389997e-06,1.1876254226989686e-06,1.1611412761888153e-06,1.8198320207581322e-06,1.3230693117099745e-05,1.527647844434187e-07,1.1572184468672328e-07,2.2046696887037933e-06,6.992351035258873e-07,6.286655794508117e-06,1.9320056373467294e-06,2.9550412884801347e-05,6.2995231299290655e-06,2.3927081489516736e-06,3.001779471837241e-07,6.306276189089478e-07,7.855476134460124e-07,2.368443456744894e-06,6.893382045406787e-06,1.5189960458212661e-06,5.163394366121363e-07,1.4252673852882086e-06,1.0193667166869133e-05,1.3779593703172313e-05,6.97679093177618e-07,1.0908209653055446e-05,2.7285586354763404e-06,4.65620450065728e-07,3.074820451790472e-05,1.290804352152756e-05,4.626303256955396e-06,6.112605334320302e-06,1.9097238836901733e-05,4.845957417966829e-06,1.9754089704115436e-06,8.932715239240181e-07,2.3620193397699004e-06,1.3218225903796677e-06,2.836049484486727e-07,5.7272104260481245e-06,2.346214171896818e-06,2.8285203263124293e-06,3.3834364886820334e-06,3.9759704582357055e-06,2.6248301080300428e-06,1.5264311560536126e-06,1.1842234201608933e-06,1.7797926808521156e-06,2.408532493182518e-06,4.831354682749435e-07,4.918232247161506e-07,3.649335082393809e-06,1.9061139307800656e-05,1.6294459517767042e-06,1.6120903422840338e-07,3.680315016890373e-06,4.946514392382115e-06,1.4098236977658172e-06,3.1226803211208405e-06,6.26291091512893e-06,1.029342225059791e-06,1.6327258266992006e-05,7.949745793507102e-06,4.2344656270769925e-06,6.140838163512801e-06,1.5990516015169357e-06,7.659207410485744e-06,5.412163852891604e-06,3.3634754561773944e-07,5.047771391464901e-06,3.6714407368397087e-05,1.531091507874152e-05,2.7608996546874556e-07,2.1463882995714724e-07,3.4498529359924946e-06,2.237885193606723e-06,9.096119083571363e-07,1.2464411470793418e-05,3.1424587757391344e-05,6.517566281059445e-06,7.537931547572291e-06,3.2172852108146827e-06,2.5929834966242907e-06,4.892467792646682e-06,7.758720547718108e-06,8.549680029050478e-06,4.181813202419627e-06,1.0575215800883612e-06,3.641757812466407e-05,8.381783657890695e-07,4.68340862251498e-06,2.489474094239318e-07,6.27190041756476e-06,5.113667248447265e-06,2.816986432088684e-07,3.650226142109171e-06,7.3346087045350075e-06,3.2372783782037403e-06,2.100759378223133e-06,8.164637395130051e-06,1.8987469179257326e-06,1.8874811663148045e-06,3.4986237917840796e-06,4.3053511499916605e-06,2.303925856253985e-06,4.8129437242641836e-06,9.503572537812523e-06,9.474934615226897e-07,1.0618226114376254e-06,8.430010718943013e-07,2.714191058725118e-06,3.0462503378694917e-06,1.9501914556716044e-06,1.3122924407884469e-05,3.5214397749801644e-06,5.348964677760207e-07,4.398044331598141e-06,1.8034671334163725e-06,5.85658953018347e-06,2.6850268656663147e-06,7.631933771936591e-07,3.5679663993207707e-07,2.3479409819463667e-07,9.16575207023557e-06,1.0253292000354759e-06,2.454096666453686e-07,6.693540000068613e-06,1.987078248708217e-06,1.7419038602727623e-05,1.397060548648176e-06,2.0119129731841497e-06,1.77063122889058e-05,4.023083481874137e-06,8.961384655764047e-07,1.4812345928501301e-07,1.256915666798755e-07,9.56700899166392e-06,6.708081114656823e-07,5.802861361763429e-06,1.3440731258845832e-06,7.4671834674105735e-06,1.3108115015252375e-05,1.2687772466866213e-05,1.0679285901279434e-05,5.524470003182725e-06,2.9734146238721593e-06,1.992732442843717e-07,4.510454881791553e-06,3.3630537828498738e-06,9.387980826999857e-06,5.704726911237996e-07,6.410083275119209e-07,5.9314343327006e-07,1.2713395455016449e-06,9.70643681371187e-07,7.461513298085062e-07,9.235133639736444e-07,5.836091021706716e-07,4.192176971775178e-07,8.986854399289413e-07,1.154040597211839e-06,3.409568150497158e-07,4.7486195356787974e-07,1.8295769709474855e-06,6.587576289230773e-07,5.960831046987761e-07,1.2594072492861295e-06,9.222178375251916e-07,7.846850589641857e-07,6.984246929681075e-07,9.028362776054459e-07,1.7675597330433587e-06,8.173639283877998e-07,1.4160760597687376e-06,7.122868294896946e-07,8.425124129081868e-07,1.0039338024770632e-06
2,is,O-V-v.stative,6,1.634919680164458e-05,1.3413233028973061e-05,0.003907725434011506,6.510211121869172e-06,2.5018719570633005e-05,8.088474227007375e-05,0.9854884031649418,3.513163007966432e-05,0.002369721336802679,5.2603975455004384e-06,4.771847079507212e-06,3.2618614311124076e-05,1.0283027173651036e-05,7.5977478401844906e-06,2.5646435649637538e-05,2.452433356548717e-05,1.2900954868583527e-05,3.0611609804084833e-06,2.2083058676911466e-06,5.110235152433312e-06,1.2307547676289612e-05,9.538730558694652e-06,3.643091708237761e-05,2.574209901002553e-05,3.762420724367227e-06,0.00015217698969969244,6.170163209227155e-07,1.4527526454106205e-05,5.05703932204717e-07,3.0537897512548304e-06,2.403246117441276e-06,1.9085067019693154e-06,7.744526904724132e-06,0.0002606771777103321,3.5889338204451274e-07,6.208654860072454e-05,3.8360297641032886e-05,7.83988320453433e-06,7.519321365917126e-06,1.460675315459409e-07,1.3090169388014667e-06,0.0009290162964813454,2.0234824176551096e-05,4.4895659709834093e-05,6.7123593043568474e-06,3.349226930210808e-06,1.0969000851102543e-06,7.619392278900808e-08,2.3330130632624435e-07,4.2869817719613124e-05,4.683694483815744e-06,4.111330266474925e-06,6.513412244651596e-07,2.1374261143369448e-06,1.2571800455356443e-06,6.379076089098318e-08,1.0856070592663619e-05,8.430525261666871e-07,8.656063773759541e-08,1.5127458475257597e-05,4.813694090718854e-07,1.0799966676756078e-07,0.00014611958369873196,3.1661494758967784e-06,4.350801387982155e-07,3.610024458186291e-07,4.051173740962693e-06,1.8549889182025834e-06,2.6893821178709064e-07,5.98564202306236e-08,4.9436470666000126e-06,8.698612255537795e-05,7.235257948286873e-07,8.25889028988944e-07,0.002022913352845383,5.608062363362956e-07,3.499596418726321e-07,9.803752265562672e-06,5.637232526991379e-07,9.178658410899103e-07,7.719304837819881e-07,2.2302492291268068e-06,1.8282871894766172e-05,3.108418492661198e-06,9.877661828716331e-07,2.2318906891554712e-07,0.0003907380604767716,2.52080192800292e-05,0.0009839355162629029,7.152687048078674e-06,8.940351436696173e-07,1.9474621189225803e-07,4.153591312412494e-07,2.609105692830208e-07,1.5821110608322314e-06,4.831944483723219e-07,6.854805224734923e-07,1.051118715568639e-06,1.3317382386588707e-05,3.016012198425501e-07,1.9374967182413686e-06,9.750376074762965e-07,2.576270270139145e-07,3.3164873570281135e-07,0.0001245296401531796,6.670926373702974e-07,1.4028281334480495e-06,1.9060683641295725e-07,1.8879420334023244e-06,1.692598551544046e-06,2.6990018727708326e-07,4.489595655056184e-07,5.8451620420464146e-06,3.9938602668464526e-07,1.438771128924123e-06,1.041571139803908e-06,7.584799571049859e-07,1.2643020256244962e-07,4.345493591412623e-07,1.4320783616648151e-08,4.268993655782425e-07,1.461874538022674e-06,5.099018935413889e-06,5.4084021237095414e-08,4.601365923669325e-05,1.2297492054272787e-07,7.747389166489549e-07,2.554505938614891e-07,5.517075108583213e-07,1.124112361543347e-06,1.5989592920972657e-07,4.249107378157192e-07,2.141415872645702e-07,3.0622822163328557e-06,1.4905254697188264e-06,8.611798111494798e-08,3.395239201116953e-07,2.7623232458711126e-06,6.407757445562787e-08,8.112754459068376e-07,1.7751936289637432e-08,9.470629635697583e-08,1.826570442389292e-07,5.472136566223153e-07,3.682923503176678e-08,2.725238916841588e-07,1.900376358136891e-07,8.596306200482256e-08,4.815016392870459e-07,1.7985813924113633e-07,2.4874236756574013e-07,1.3520174011674706e-07,2.3751749664071672e-06,5.884736756113714e-07,2.5090675566016334e-06,2.513444191914209e-07,3.266764340326756e-07,3.1966455635811637e-07,1.0390947624884214e-06,1.5790240158402635e-06,1.4094365312939235e-06,1.083029565144515e-06,2.319658512119687e-06,1.885696368724742e-06,2.680851149669915e-06,4.036241853526992e-06,4.5447361557117677e-07,3.1127004785310513e-07,8.528079636731872e-07,2.7527298099850146e-06,8.49745270919544e-08,7.147037576468678e-07,5.529042180432062e-07,1.5339912129522374e-05,2.933665735933808e-06,5.771444011190975e-07,2.2955741122551867e-06,3.0468182464484915e-07,5.35419082749392e-07,8.419469511067905e-07,3.190700312331302e-07,1.28868744438495e-07,2.046723418895064e-07,2.5318435207982005e-07,3.005527775217111e-06,5.85142802825807e-07,1.727943485429007e-08,2.079398782913941e-07,1.0084476510114588e-06,3.463166796222184e-08,3.079348243720498e-07,3.012710487606388e-08,1.1459375149900792e-07,1.8764029831298842e-07,5.077623522536589e-08,1.5979348967165997e-07,4.0695126622356405e-06,1.265498678089798e-07,1.5077781673182654e-07,3.920319060741527e-07,0.0012139233762760021,1.083591585388853e-06,1.4152983995669173e-06,8.696015550625351e-07,5.432203857442416e-07,4.562106057692971e-07,9.502992503479167e-06,8.567497353163287e-08,4.7412502234024605e-08,3.625370502978782e-07,8.305423800270067e-08,1.0215500236341625e-06,5.093747788507704e-07,8.189646097219458e-08,1.2404875085987157e-06,1.3660355553685848e-07,5.698984686340013e-07,1.6783562456552526e-07,1.1997966060175661e-07,1.0396374204107601e-07,2.1473639641309633e-06,1.6308442870317443e-07,2.0610770945702524e-07,2.1686355791950817e-06,8.565349302014208e-06,9.45708666500034e-09,9.07258437339851e-08,2.2987439679091216e-08,5.159771429055611e-07,1.1410171641567357e-07,2.5270492203874133e-06,6.242153750803819e-08,1.235575890256748e-06,4.5725447323153604e-06,6.58858155029446e-07,4.3610371554866207e-07,1.1113551627814826e-06,2.912168547948208e-06,8.82242209827646e-06,1.0885004044120908e-07,1.1883907077979878e-07,2.4025940795054956e-07,7.259611040878186e-08,1.146462203637219e-07,1.6657471167516803e-06,2.6219479670433464e-06,8.557306507342346e-08,2.3147944212312436e-08,1.0839294884293463e-08,1.492442091986227e-07,1.3580134006954562e-07,4.379991180269559e-08,8.790738097445146e-07,3.7852489297174813e-08,4.1489039300374333e-07,2.5064737902603213e-07,2.530839265497929e-07,1.464374994778553e-06,8.699200709817131e-07,2.8591747632430878e-08,2.7931125240460068e-08,3.915907874686137e-08,9.050185331671322e-08,1.909095532113142e-07,2.4981500674592674e-07,1.984055079057275e-07,2.5802916202221902e-08,2.427282718343448e-07,8.232522736832098e-09,8.801744135003566e-07,1.386235423693761e-07,7.594295768983037e-07,5.73875757008971e-06,1.154713760549685e-07,1.1976748209458538e-07,2.4975402419850694e-07,5.238484853640305e-08,2.95776750441503e-07,4.2862393832446e-08,9.754277340876991e-08,1.7701026610368677e-07,5.91408251379348e-07,9.214613126591785e-08,3.253542701500094e-08,2.2236038383445277e-08,3.997274447730145e-07,2.1346953054962608e-07,9.92419320172973e-07,1.2936127852246468e-07,3.203981076118504e-08,5.053045074865866e-08,7.320768288160622e-07,7.646621098907486e-07,4.774484837346973e-07,2.874738926338241e-07,7.52049367268781e-07,2.2147247328397344e-07,1.0871025316742654e-06,5.2059735220519465e-08,5.7296957604269906e-08,1.531901235229262e-08,1.7281544289049615e-08,0.0007484701399798213,4.4586162444338626e-08,3.933034292970346e-08,5.883300228168666e-07,2.6115751919659194e-07,1.0270550214866012e-07,6.699306316190452e-08,7.388124096168139e-08,4.473047824417556e-07,5.859309818099138e-08,7.848527036830692e-07,2.5009807156699413e-08,1.6863655169501877e-07,2.3024498142958134e-06,4.173935913876274e-08,2.48006308031494e-06,1.941587247182173e-07,2.4146489226948486e-07,5.469799116619431e-07,2.9621033465481414e-07,6.457401540837612e-07,6.496934915596617e-07,9.473199861709075e-07,2.0437830977535605e-06,1.1824578106817477e-07,3.944921861189306e-07,6.644918896479857e-07,3.691475353485942e-08,7.954894768899235e-08,3.4431442829679037e-08,1.282336332121834e-08,1.194973162688692e-07,1.776813737522654e-07,1.4234030020386873e-07,1.7532216283025287e-07,6.661183683600504e-08,3.589141012960807e-06,3.891486022136757e-08,6.118597818478788e-07,5.662232829163375e-07,2.4796846815911637e-06,4.0723969990173205e-08,2.7300759398175944e-08,9.991080119070501e-08,4.410842673883097e-08,1.2648423091350555e-07,2.3844141363551564e-08,1.0107000993333343e-07,6.547291557798521e-07,5.5879221058913075e-08,1.4501979017163978e-08,2.4930473740986947e-07,2.579102200532771e-07,1.997488139061883e-08,2.7963534860299457e-08,4.81413481774988e-07,4.082351521074922e-08,1.0532770773126128e-08,1.0501568280273685e-06,8.046971956891914e-09,8.97780847300949e-07,7.027243428445581e-08,7.898772402268754e-08,1.0842898328984393e-07,2.1957466862097676e-07,5.6253932197146455e-08,1.4371569589183047e-08,3.1217378201987386e-07,1.024644426015979e-07,5.39389709197651e-08,8.533807198625762e-07,1.11570857230198e-07,7.168444378621838e-07,9.362293246388652e-08,4.8925001406221755e-08,1.1116980483577647e-07,4.5033177412636224e-07,1.229595033813356e-06,5.238467535842155e-07,1.4151735094524246e-07,1.1874843834205566e-07,6.41303945082123e-08,1.1269289095154662e-06,8.902536726099339e-08,3.403861356437636e-08,5.800755856126802e-07,6.873238866610744e-07,1.6213659788946248e-07,1.8001248739655232e-08,2.6671593598927562e-08,1.3502855788160745e-07,4.159313070712056e-08,5.003633690213046e-08,1.7381982164440585e-07,1.2373912328198213e-07,1.5608235066888056e-07,8.179655069915714e-08,2.6043326488070573e-07,4.299981789442039e-07,1.0809528983476712e-07,3.829634496821e-08,9.653885062226791e-08,2.7081690654951585e-08,1.3295541996777503e-07,5.9488567277551344e-08,3.012608589028587e-07,1.475955191647684e-07,2.290830433463947e-08,9.293405025229527e-08,1.927830372993268e-07,2.6105393111118916e-07,1.3558186822347831e-07,1.4955831133921318e-06,5.925825582853689e-07,9.69847431232536e-08,4.5822136396527776e-08,5.032099789469026e-07,6.713223120303824e-08,9.865977803009702e-09,6.543318258865858e-08,1.2131246794715602e-07,8.472077149402569e-08,4.8801233200417246e-08,2.7705398811043876e-09,1.24534675639892e-07,2.1734865851437693e-08,2.2336696855140286e-08,5.259469200403213e-08,3.502908760711981e-07,1.2039044896330047e-07,3.2629781741319667e-07,9.1932661082399e-08,3.7529275398377174e-08,1.8196714334010778e-07,9.556858966565746e-08,2.4877355589295683e-08,2.0761649311891267e-07,1.961059827180973e-07,3.141722825900017e-08,7.627302245443155e-08,1.2031331915742996e-07,3.262092877558422e-08,8.592372024321523e-08,2.5531115322098975e-08,2.696294043594743e-08,2.775693068737308e-08,1.9425948017071683e-07,3.7980930177187975e-08,6.064521514029706e-08,2.0509125899910607e-07,1.6275628112659963e-07,3.1678134414788736e-08,1.836189430817135e-08,8.150252497122323e-08,5.23816513165599e-08,1.7259934785001845e-08,3.041801379605854e-07,8.922119470389582e-08,9.495807844490731e-08,8.236013574143268e-08,3.837824223174297e-08,7.852146588079424e-08,3.598475205606611e-07,1.344651943824738e-07,1.2322286134031948e-07,2.4920667457550233e-08,5.030273946352971e-08,7.763297615406835e-09,5.907228116918106e-07,6.801068075223015e-08,1.395914495078865e-07,1.2414005055117198e-07,1.3867431712335444e-07,9.046565670252415e-07,4.294225959091901e-08,2.9007361437223057e-07,1.7952911047895205e-07,7.52419155946599e-08,5.913902033072258e-07,6.606904127579489e-07,1.6735995976423044e-07,2.4917543194891625e-07,6.838738955279554e-08,1.6118443755854546e-07,8.140806388597546e-08,2.8732574005982802e-08,7.6245095553253e-08,4.411650397245507e-08,2.2602604282543257e-06,3.007657994491489e-08,6.174159565759172e-09,5.348819125353471e-08,7.866777540455759e-08,2.055430739237407e-08,6.223892953263296e-08,3.0015962633492856e-07,4.2820556457699574e-08,3.175061798566993e-07,2.5080040874166956e-07,2.630300189789468e-08,1.6111120267806215e-08,4.037870160825277e-08,1.7605670315186788e-07,1.6800528902350278e-08,5.021394738544259e-09,1.4543147972013584e-07,8.0624313534147e-08,3.865315871626123e-07,5.4370315130681415e-08,1.8628298561755035e-08,2.0627131196548576e-07,2.3249892419750646e-08,5.203273369567991e-08,8.423095310814764e-08,1.4845381408240156e-07,2.9121878025985838e-08,1.8613462135616292e-07,1.7647089707164622e-07,1.9007886494671384e-08,4.313006970376088e-08,2.0118034810454772e-08,5.080103436295626e-08,2.140769541216602e-08,8.527847576400435e-08,3.1103368646129116e-08,6.609951072308483e-08,4.949416105508732e-08,3.3310031916935226e-08,5.388138864092831e-08,1.2062213518345595e-07,1.0254577599704337e-07,1.2542717479207136e-07,7.88287902089365e-08,3.5012103481334584e-08,4.1064670823170816e-08,1.6123363465170159e-07,1.245954984350886e-07,7.211718289314862e-09,4.41717380033504e-08,1.7819783879192228e-08,5.786277080861348e-08,1.0427831644458558e-07,1.517194249776566e-07,1.324770607095833e-06,2.2707151057713465e-08,4.788216667544918e-08,4.280226544987988e-08,1.2410217179439418e-07,4.837698817894459e-07,6.908380137163459e-08,1.5720625882522028e-08,2.2175725813504506e-08,3.922007325285909e-08,1.1005848548492263e-05,5.9141020651005204e-08,6.665431963688067e-07,5.517261718323765e-08,7.888895475106208e-08,2.1871195345332906e-07,6.318026711772621e-07,4.308402641339803e-08,1.5655940375693003e-07,6.221993861661988e-08,1.0167670243728782e-08,1.4449361494845596e-07,8.774417732863697e-08,1.334920871947095e-07,2.4126681087500514e-08,4.463381104625647e-08,1.968741706752709e-08,3.349862396571304e-08,2.044170875421015e-08,1.538554127979187e-08,3.0042638129234904e-08,1.492492572399506e-08,2.4827299038752317e-08,3.3384322167095744e-08,1.938751616597076e-08,1.7863342361267998e-08,2.8994181810950392e-08,2.874923895983643e-08,3.103320713712954e-08,2.82897066163225e-08,3.520818317890277e-08,2.4125208556689078e-08,1.8059574605458807e-08,1.95532940654442e-08,1.9264840640750864e-08,3.180988426442773e-08,1.784645082827374e-08,3.001331393622092e-08,2.634718768505322e-08,2.585178385432251e-08,1.7709189896635095e-08
3,fab,O-N-n.GROUP,9,2.5319813160473333e-05,0.000342256551625717,0.037334337594099334,0.3382244975118235,6.439844039744926e-05,0.030055797533824553,0.012902795582171559,3.5770035421815134e-06,4.9654034686679516e-05,0.07375812566461752,0.04458527807284385,0.00043635232901559335,0.019229216518279545,4.048564916375667e-05,0.004286299340243824,0.01207343074524286,0.0009661715133567789,0.012947762633322018,2.0240382600298373e-05,4.1145801225686214e-05,4.035133418819435e-06,0.0002424149528151206,0.002543736810749888,2.255781323371481e-06,4.205603894756454e-05,0.07443423050867076,0.000824093299726946,0.0011365190461058259,5.20943547341847e-06,0.00021609578092468047,8.373063568775121e-06,5.1636753831775924e-05,2.9630782806348988e-05,1.0180609923207154e-05,1.681677689877943e-05,0.0004969328438367394,0.30818254645476434,6.621999666736593e-05,2.4077161408672967e-05,6.102188081649195e-07,2.236990141583104e-05,9.803752265562672e-06,0.0009108528947740804,0.0012011362385940527,4.466879709945265e-05,2.5614366365451352e-05,0.0030047642929916132,0.0005112697189641719,1.2336502617076523e-05,9.457827460004961e-05,0.0001901807921892798,3.342782816892912e-05,0.006588293364682098,7.686813094021189e-05,5.254621473622177e-06,3.829012210545188e-05,0.0006296598465219942,4.8717420715012566e-05,4.334471904078438e-05,0.0008010821001032071,2.7326328349510974e-05,1.3319502678106661e-07,0.00013671063174542709,5.46559144523957e-05,5.669148954881733e-07,7.305790816670694e-06,1.651417419162756e-05,0.0002445176301902754,2.844785646575493e-05,5.325997646429559e-07,6.320491960632517e-05,0.00022952086867256697,6.450880367970155e-06,5.652872065731229e-05,0.001732825944946275,5.885256088508167e-06,1.910248477059171e-05,1.8254498976850036e-06,4.479453428781705e-06,3.498730562938166e-06,1.6778385833733513e-06,0.00017129571961065532,0.00019924694434975398,0.00024928704916566134,3.7351925731189483e-06,9.667677896741875e-06,2.148675011140822e-06,4.399789507355073e-06,6.1006581352038834e-05,1.7021239966371845e-05,1.7607761366717136e-06,8.269707842398497e-06,9.667972935359284e-06,2.475752755738741e-06,4.823988242127872e-07,8.742019029235006e-06,0.00015585233609226524,3.7881129011869697e-06,1.0184406193379908e-07,1.2378025945288723e-06,1.1220179824497135e-05,4.474959324939184e-07,3.927251263730785e-06,4.9074050016350915e-05,4.69498445134777e-05,2.2193108176892007e-05,4.981660372052636e-06,7.700246868882807e-07,9.431022926515185e-05,7.038334108776869e-05,1.3445609853313138e-05,0.00010259797289181521,0.001136172260935934,2.837598420174086e-06,2.1433631236929812e-05,0.0006400050930010206,8.782396563289788e-06,1.9305847299321016e-05,7.021837684939691e-06,6.734358064786543e-08,1.0890616633395919e-06,3.863534102942497e-06,4.516362707275473e-05,4.199461735010565e-06,3.427594044982571e-05,5.698984686340013e-07,0.0003603714531580835,3.5712226598250515e-06,0.0009085209349656209,0.000185090525166208,1.1516444135469182e-05,8.579999865363955e-06,1.7927726278517106e-07,7.434213815915937e-06,4.37368442970503e-06,2.0344555077172843e-07,3.539876164337783e-07,1.4788309559046709e-05,3.293792850146956e-07,6.225941458896813e-06,8.15445497785348e-07,2.042536052153264e-06,4.49410445784514e-06,1.4156918563764097e-07,8.087540397467086e-07,3.357629769817529e-07,2.2698836973083945e-08,1.9410012288957564e-08,9.704363516565336e-07,8.122389038752637e-06,4.84434695008265e-07,7.146577743424736e-06,3.2179619322707963e-05,1.49677026524398e-06,5.754384615433267e-07,3.694167848645433e-07,5.330858352456741e-06,4.0910681616589726e-07,2.8391482018275595e-05,4.874583807018967e-06,4.80091467187939e-06,2.24301317259159e-06,0.0005419400212169968,5.5254816564690515e-06,1.1392736714641316e-06,1.377459392626852e-06,6.896140186998308e-07,1.8177168338922834e-05,4.688556796360558e-06,1.665645450718769e-06,1.0156162319096735e-07,5.642568125657032e-07,1.8199926222871403e-05,3.025302717357299e-05,4.948024179139733e-06,4.574917578625756e-06,2.2733423933785316e-07,2.331431820033686e-05,6.100512295780261e-07,1.0598801351005816e-06,1.5254947375565853e-05,3.733812611604333e-05,8.652573138534572e-06,6.02355392467898e-07,2.8975414708053785e-06,1.5345999117452342e-05,1.279869040174158e-07,1.3739328298198166e-06,3.070704586713765e-06,1.8873722065470677e-07,3.799459054406666e-06,3.5169407287652107e-07,5.816513269644981e-06,1.1091829987544252e-05,4.0758648432439437e-07,3.0188568515337234e-06,1.890023576442729e-07,6.234708237749656e-07,3.5414852542304272e-06,1.565918166739156e-05,1.1678896639982926e-05,1.5308578996739564e-05,3.697087953116717e-06,4.293921282501161e-05,3.6670857634240845e-06,1.4579983662476653e-06,1.4620530003966233e-06,4.181940823178064e-06,5.682312875664028e-07,9.625579943059513e-06,3.690336776643263e-07,1.9722701320461227e-05,0.0005638208911520409,1.710675592063201e-07,2.877186906432313e-06,6.111879417352635e-07,9.484512794174461e-08,6.82933124522968e-07,3.6763861149870525e-06,8.917190270406326e-07,3.931435264781437e-05,7.040314059255108e-07,6.325164743299338e-07,3.1010178509347504e-05,8.769034897854653e-07,2.0559258179794434e-07,8.841857846025441e-07,4.529796799394242e-08,2.37068517086383e-06,2.376705487710108e-07,1.1125804830315629e-07,1.6284960338721877e-05,3.392753364107025e-07,9.56149493180806e-07,3.946955964809215e-06,3.256909554798926e-07,9.050155412851822e-07,8.095442243831925e-07,2.5346872087094878e-05,4.6173068551048574e-08,8.08090592872596e-08,4.4889106493885337e-07,1.2060661427463723e-05,3.675837337655454e-07,1.0064151930183578e-05,1.3730480616078008e-05,8.093960059787273e-07,1.5132587541570724e-06,8.583199280508708e-08,2.2845320076882728e-06,8.784301925849334e-07,8.66951787004787e-07,5.543910638415759e-07,1.987624091006077e-06,1.1365612450997966e-05,3.870982104482142e-07,1.0361814737872506e-06,4.0520526530811124e-07,2.460395756075062e-07,2.533002772096216e-07,3.682461781178458e-07,3.294597096962677e-07,3.474141297927095e-05,7.917570632798995e-07,1.6744570132576493e-05,3.263664506613105e-06,1.8474811854894605e-07,1.6502192385896512e-07,2.3478615677949557e-06,2.5906896960753333e-06,1.7524134575096326e-06,7.558202222825179e-06,4.538761205758061e-06,4.2523363690272635e-06,3.3313878066724074e-06,3.969194511383101e-07,2.789695820616016e-07,7.076910640470573e-06,1.9526395579876828e-07,4.613629421447211e-07,4.51775613728007e-06,2.4691129254406752e-06,2.9033834647676894e-06,8.275261878656287e-06,1.9932666592627106e-05,9.569960693785133e-07,2.646385863733538e-06,2.9155476554755523e-06,1.9899977194987062e-07,1.5690857295914178e-07,2.873169717079035e-08,1.4297592183938226e-07,9.951791979333406e-07,2.784838151096585e-06,6.03756074305678e-08,4.967103442679735e-07,2.8710566237859495e-07,3.98982696443466e-06,3.659719197380101e-07,7.268676072089294e-07,8.078660039233692e-07,1.622504422134379e-07,1.6675726540211628e-05,8.580813790905912e-07,3.280951568782264e-07,1.350033893713032e-06,2.1069299362617077e-07,2.497227129516084e-06,8.439277294678594e-07,2.9832407264980835e-07,3.030209914561844e-06,6.573741071413575e-08,4.4502945044391865e-06,2.240626062328114e-07,6.617195096272627e-07,6.331882492417451e-05,1.1942440314875185e-07,9.951791979333406e-07,3.9955669926144424e-07,1.336714572232149e-07,7.754248716496637e-07,1.475004724341287e-06,1.5244294015194614e-06,3.4079964647780575e-06,6.594415090297267e-07,2.1584746750911695e-07,4.073875160665333e-07,2.848781985504707e-05,5.701227236995245e-06,1.002155078743358e-05,3.2123903864593344e-07,3.752457041549775e-07,7.599189400660557e-08,5.300540442931813e-07,6.323641607310237e-08,2.9450579015739475e-06,2.2936833965305976e-06,2.857246349794738e-07,5.347495742470033e-07,2.2967729552513227e-07,6.423203238144579e-07,2.5295098849932367e-05,1.4712235628907491e-05,0.0002099912228193227,1.521552801212571e-07,1.0499004733775914e-06,6.960651171605146e-08,1.3602071751400613e-06,2.6640681333601648e-08,1.1981826711012992e-06,8.194842088248442e-06,2.432102358333874e-07,4.783527143346905e-07,1.1112836593338045e-05,6.813094235265276e-07,6.116357531269375e-07,1.1229160332344768e-07,4.1211556632271756e-08,7.881916814117805e-08,7.117653260380829e-07,1.227046029718348e-06,3.6758494895698473e-08,2.8781529211037662e-06,1.6935802622932578e-06,2.6484056663127368e-06,1.3082581463023254e-06,6.381975768743269e-07,6.583757695805722e-07,1.1980403780717733e-07,6.071929014653255e-08,2.7629134048128808e-06,4.205375017776692e-07,1.119665223448081e-07,2.2584677200375946e-06,3.701942663059946e-06,5.29633635994811e-07,6.926934950660547e-07,4.290805841787364e-07,1.188459314708195e-06,1.6419807182969995e-07,1.3822177423463025e-06,3.6222620005747146e-06,7.031295999843935e-07,8.794763099174623e-07,3.6156355093445435e-06,8.850226598724441e-07,1.3451855114281873e-07,4.845973438169652e-07,6.578937373119988e-07,8.329736699925397e-06,7.481578472729597e-07,3.264173331254606e-07,2.820694790424577e-08,1.2410933632917298e-06,5.147206711694481e-08,1.3718006438247964e-07,8.513545873219223e-08,5.943231503333927e-08,1.1097622596296855e-06,1.1210633424574047e-06,7.351864226619566e-06,7.350542483317421e-07,1.6380768430379144e-07,2.969877813909513e-06,2.736573227531191e-07,5.513877048202555e-07,9.380024315452426e-08,2.255919009538824e-06,4.173398837670187e-06,3.2153327644051475e-07,3.65090664912976e-07,1.1436241747849898e-05,1.444622735025061e-06,2.441397810946545e-07,3.778888351497144e-07,2.880271237260847e-07,1.4842210431340638e-07,1.7900878705757013e-06,1.2032760894848257e-06,7.41588421599262e-07,2.391839980615339e-07,5.705075110762485e-07,2.44348485785823e-07,1.2951533410566617e-07,1.9786735691561644e-07,5.709448273211582e-08,3.329681949846228e-08,2.1557098477420406e-07,7.376634189543276e-08,4.528952472540647e-07,8.848306936747082e-06,4.577850441813175e-06,1.8999704373076224e-07,5.791223522468536e-08,8.617553411048647e-07,5.784688050625619e-08,1.1872307364818342e-07,1.734700730283863e-07,5.947929410304538e-07,1.3914911256146125e-07,5.192311132184107e-07,8.664228030764819e-07,3.3802482940781344e-07,7.395568276573834e-08,8.015302177883086e-07,2.1995023912945268e-07,1.231702260990524e-07,1.0505770109224877e-07,3.4059170234704657e-06,3.3892348768709176e-07,3.702745808636093e-07,1.372759316401014e-06,1.988844185653494e-07,1.404031992976881e-07,1.6394771650997411e-07,1.4273178689378017e-07,7.731564436111431e-07,1.3898359781499783e-07,4.952572677506268e-07,6.184322210805052e-08,1.297562318536245e-06,4.013885904346949e-06,5.478151738637157e-07,2.9471355188837153e-07,1.818450140194099e-07,2.4007538081331787e-06,1.9373784664352325e-06,5.75352565347022e-08,1.2603341710994028e-07,1.5861772119628823e-07,4.8651045938445737e-08,2.399516555411037e-07,1.3770856665351e-07,3.6781938233899556e-07,6.761747279058082e-08,1.665086398442208e-06,1.31642822519678e-06,1.302530190990208e-08,6.162468173499253e-08,4.4919403061296624e-08,2.2542747824050697e-07,1.5663108737028563e-07,2.539039440580487e-07,3.5665511660576264e-07,7.707795795216909e-08,7.023575429156807e-07,1.4545367249598816e-07,9.479014945404972e-08,3.1761278246473043e-07,1.1492996764399081e-07,5.062289217363821e-07,4.598729074324892e-07,1.0074973960354826e-07,2.855241539979208e-07,2.0683863178305954e-07,1.7086407818391947e-07,3.0631234127793196e-06,1.4868504697508444e-07,1.9087396881988948e-06,8.270997138868677e-07,6.697648801306889e-07,5.823834072118397e-08,5.271020931467194e-07,4.1237976312028985e-08,2.4844649410205447e-07,3.392442762477912e-07,2.370620661383394e-07,2.581543301586144e-07,1.0741458920292917e-07,1.1069886164872461e-06,2.053417674069674e-07,2.6599973941381607e-07,5.169402751884634e-08,1.1475823424867355e-07,1.4997880383942956e-06,1.7348066112451806e-07,4.312729475945352e-07,1.292350108130974e-07,9.221927427575359e-08,5.077451782630719e-07,9.303052844914257e-08,2.2702918581455537e-07,3.2429252516127105e-07,4.2125680826401293e-07,1.828968943534281e-07,7.760403821245449e-07,5.5759793239695e-07,4.4637750013269765e-07,6.662788121237637e-07,5.858217678022653e-07,7.411133127223841e-07,1.5946223080322955e-07,2.7108798586252125e-06,1.3664107997692448e-07,1.7748627435581408e-07,1.9467490675658358e-07,1.1433874561861043e-07,1.0915941033428471e-07,2.292291448469197e-07,8.852957152510627e-08,1.6830750486938125e-07,1.1119731681969569e-08,9.689862831232726e-07,3.3659398415522363e-07,8.609141939378056e-07,9.496935675647944e-07,1.453516137601897e-07,8.493822981167385e-08,1.5102188687348875e-07,9.750376074762965e-07,9.571421065315434e-07,9.689271426989188e-07,2.808231369947084e-07,3.228311277945724e-07,7.275333790982964e-07,1.5697031648758895e-06,5.347495742470033e-07,9.354582131785705e-08,6.992351035258873e-07,4.5493304139242635e-08,3.4311750403205995e-07,9.491720285653e-07,1.6669675932755e-06,6.275175861318861e-07,2.763512825679253e-07,4.232039032866055e-08,3.239364423902043e-07,3.6270304457939056e-07,3.7597807916925704e-06,1.0960002627947972e-07,5.835754118147855e-08,3.758314324308716e-08,6.40912643645074e-08,6.950886605067129e-08,3.951079566006993e-08,6.85169071288146e-08,5.5722553631438705e-08,1.7840401920279605e-07,1.1434572451479154e-07,3.204078855353291e-08,2.5770651248766934e-08,4.444623432366356e-08,8.050875486537851e-08,6.917873870875912e-08,4.0586252916927086e-08,8.839728675886425e-08,4.129716746028725e-08,6.399940248234061e-08,3.911966226988342e-08,4.331870121349294e-08,3.564713107892764e-08,6.837486859413787e-08,4.969242499348497e-08,1.4750096005448543e-07,4.362648929848215e-08,1.1211354751603181e-07
4,""",""",O-PUNCT,0,0.9813168711339333,0.00022276496508523807,0.0004380467954126057,0.000111955161634697,6.4814667642701805e-06,0.0003651873320113668,4.619657113588953e-05,9.379645039659884e-05,6.1969391200991515e-06,0.00012467794176675972,0.00021928454464929567,1.7238707414711455e-05,8.633026533145137e-05,1.6506112598333148e-05,0.00017358485607388407,1.697869856158097e-05,7.063317590785497e-06,7.601433454362767e-05,3.10641677189854e-05,6.262719789172153e-06,3.774611347886728e-06,9.637305233238587e-05,0.00011470107606139985,3.582235290570723e-05,1.7146944872414695e-06,0.0002577738947109268,3.9440661863186004e-06,4.1502694826164104e-05,2.3780761202746237e-06,1.5341316604713696e-05,8.462202097139702e-06,1.4659399516476657e-06,6.66034858207362e-07,8.608850753310454e-06,3.8338314967330127e-07,9.074986572333099e-05,9.91141559969572e-05,1.1303387809047477e-06,3.144483721340156e-06,8.350889932246562e-07,1.7675655764016435e-07,1.3094521119551462e-05,9.885135403688007e-05,1.4276133704183113e-05,2.0016243867660365e-06,4.698296569917662e-06,9.108311203592164e-06,0.014451327586572318,1.898984990517698e-07,4.7263547749650634e-07,2.6801060728826732e-05,1.5007903528141745e-05,3.9871623277039023e-07,2.6833066660766523e-06,6.978258424960336e-06,8.540813501830062e-06,3.998603312526298e-06,2.534618236516591e-06,2.9386836113520556e-06,6.946387495384004e-06,1.0835254502254332e-06,1.0432253358791178e-06,7.456253217886565e-06,3.3474898058522933e-06,9.425011969217544e-06,2.6929957743600794e-07,4.0681333343282765e-05,1.5549705443104365e-06,1.01097105020267e-05,1.737126142630163e-05,2.2166709972796307e-05,8.545506399634211e-06,3.1100315549237388e-06,1.6608234547977867e-06,4.771701456513204e-06,8.667137042819554e-07,3.1748575183577564e-06,1.8073238728316108e-06,8.415102633015684e-07,3.925813324674271e-06,4.294735990667107e-07,8.020685352205747e-07,2.032773138351376e-06,1.6803438801209555e-05,1.0031069272232188e-06,5.904885015894051e-07,1.8992684959669643e-06,1.6745136501499627e-06,4.4261854719904615e-06,2.8876451243810627e-05,6.412626842461466e-07,2.7175892362617395e-06,4.971046189824643e-07,1.3024023350359946e-06,4.378239383537299e-07,1.6569759108714447e-06,1.7486205297166186e-06,3.592111467841486e-07,2.7893553023594216e-07,9.801722988330437e-08,1.7309404176603028e-06,1.1211659835702799e-06,4.359839525334735e-07,1.3080542128972241e-05,1.9594381515210987e-06,1.1600079026564048e-06,1.0926236769502126e-06,4.1252944497851935e-07,4.405312623996717e-07,3.2369713090116274e-05,7.410002364325374e-07,1.0912205090280692e-05,1.0806854534163787e-06,1.5931039037944007e-05,0.0003462064301795505,1.3642396328334444e-06,3.872636319818615e-07,5.623829779719988e-07,3.0733397612506887e-07,1.8660607343173353e-06,1.5009327224669072e-06,3.781413797886138e-06,1.2753809687063991e-06,2.9725980632970845e-06,2.9308916687648276e-06,6.297429595295687e-07,3.846123406962431e-06,3.275149356953411e-07,2.0821223940447217e-06,1.3060242629513944e-06,2.2864925155800102e-07,2.587063967651464e-07,1.1127465836754656e-06,3.667993283273586e-07,1.5856395902189353e-06,7.95707994607719e-08,6.85857171610956e-07,1.5346049849639438e-06,3.109757116545875e-07,1.6952405613536168e-07,5.247747936516707e-07,1.9813257140341607e-06,3.5742991781991575e-08,3.548637292536628e-07,1.5327378978142188e-07,1.1310326345879418e-07,4.0283795795038793e-07,7.333985722252234e-08,8.064373300810935e-07,3.5274630058708812e-06,9.584281947974487e-07,4.574219554858992e-06,7.322779273378294e-07,1.358875003915362e-05,5.455961871789245e-07,3.328858133598856e-07,1.5509421868563029e-06,6.209832860664746e-07,4.711634332931115e-05,1.279240027639847e-06,1.223796553293942e-07,2.2663386215675634e-06,1.1815160473794148e-06,1.9696301087063553e-06,2.1213173799940534e-07,9.537306704143168e-07,2.3282476768979062e-07,1.1896165536521659e-05,1.0038418937996246e-06,4.7491992365308734e-07,2.1794572448875502e-07,8.011144926987824e-07,2.7534859736468365e-06,1.695028031862093e-06,4.090568794169613e-07,4.955126351917486e-06,5.6530632686727876e-06,1.760877787929596e-05,6.201668813447897e-06,2.2275357818767417e-07,5.837337878426538e-07,6.161695595106957e-07,2.4954749300737007e-06,1.850126861102373e-06,2.5322215076903664e-06,1.9022268123363918e-06,3.917448784559303e-07,1.176478834529929e-06,4.703174041415879e-06,4.2395224425528013e-07,6.953197376727247e-07,2.1226125245780448e-07,8.201123754133786e-07,1.653137280351415e-06,2.7536631415000623e-07,2.3285319041669053e-07,2.585090947226051e-07,1.874050461657037e-06,1.461339281591959e-06,8.074223517372307e-07,1.2103102950242445e-06,2.6824149167614197e-07,4.6242012750814964e-07,1.4260070041775781e-06,7.169124399608716e-08,3.0132322975364307e-05,1.782184144425777e-06,1.755577389007553e-07,9.000852398274567e-07,2.5100631727305627e-06,3.6713529691285765e-07,8.762079805106191e-07,9.027811745338034e-07,3.81038662635559e-07,3.0478412147932803e-07,4.056245825906468e-06,1.399540189582012e-07,3.0946939772733285e-06,6.858781026301536e-07,3.987040651022718e-07,1.650264144460684e-06,3.053882946944188e-06,1.4276228094998297e-07,2.082623901838651e-05,1.1743624466192148e-06,9.040247960867088e-08,1.7662117062840521e-06,2.4376009834275717e-07,4.7522438272521606e-07,2.178193887813551e-07,1.5382673507519753e-07,2.868176177139904e-08,2.7893460810877284e-06,1.1992069463882448e-06,1.3962933311101616e-06,3.4316872912473707e-06,5.96394403755238e-08,4.866276421148806e-07,1.1132221018810892e-06,6.51621721097837e-08,1.7730762143876584e-07,3.012240861401454e-07,1.3065425028120735e-06,3.3489313845259517e-07,1.064551579914577e-07,6.320147987413269e-07,2.3394296828729728e-07,4.852040615359597e-07,2.8376943992018423e-07,8.872701606768746e-08,7.08492947196612e-07,2.3104111251256856e-07,1.8980642528637532e-08,2.6714679668920877e-07,1.3018105826261943e-07,6.393498240262283e-08,2.795320377263412e-07,4.2320250422562163e-07,1.154467113423581e-07,1.9199628867524697e-07,2.3302379965835876e-07,1.527135109263058e-07,1.338796649941901e-07,1.7115110868412558e-07,4.162346798215918e-07,1.8556683598352558e-06,2.6853546477407007e-06,2.47130725157752e-07,7.480665249847272e-07,3.354761926859901e-07,6.179417163093011e-08,1.2960980024095541e-06,1.5118278203677656e-06,2.0261528837215693e-07,4.515152274591444e-07,4.42026070906761e-07,1.282606057823175e-07,2.625551138164911e-06,2.140951387970358e-06,7.659700227717179e-07,1.7831148741146873e-07,4.331988000474958e-07,2.621396584372122e-07,1.5056580428075482e-06,3.0245842060017923e-07,2.68971043162474e-07,2.1354049694132827e-06,2.483934258734991e-07,1.531423681946835e-06,3.2804509734965015e-07,2.553570621872325e-07,2.7673105401010196e-07,4.520130437918104e-08,2.0185616467967087e-07,2.03295925281007e-06,8.497193391475417e-08,4.813547190674899e-07,7.946376290897561e-07,2.8138932977825616e-07,1.623638297163009e-06,3.216510470062359e-07,1.8177288522564484e-07,2.300342823184373e-06,1.0625068314002531e-07,1.696637972169408e-07,3.444172435415629e-06,2.1687089312004142e-07,3.301934010852146e-06,1.4311561496148398e-07,6.866529995629152e-07,1.513587059369926e-07,1.390217760429793e-07,1.7042086873244636e-06,2.174939135030776e-07,9.375986596712044e-07,1.3166736452377503e-07,1.0577510119991262e-07,1.6135669308984775e-07,4.779733125494963e-07,4.665719253721764e-06,6.578937373119988e-07,6.066537620066679e-07,1.1409475241211042e-07,2.0925692935752556e-06,9.575219074326522e-07,8.574792994094156e-07,2.5495215383664e-07,1.7444098780358295e-06,6.683946162454988e-06,3.083119701392945e-08,1.5238762787585613e-07,3.115836796168582e-07,5.3261777931593784e-08,3.274249933838686e-07,1.9756566552026747e-07,7.397123855083347e-07,1.2052646466241335e-07,3.0224619822374584e-07,3.6403373788433407e-07,5.689619592395201e-08,8.205907551041589e-08,2.495246472978384e-06,1.1042893039602751e-06,1.204455719529651e-07,9.943021312856307e-08,8.150252497122323e-08,3.608482418776803e-07,2.7051775298026472e-06,4.184124804274278e-07,3.8543611371305216e-07,1.6952922967793046e-07,4.6775677726935813e-07,2.583198263273612e-07,1.3349979381811158e-06,3.895988591822187e-07,2.0762916541073398e-07,1.655161974145728e-07,8.315314680461574e-08,5.702464132282602e-07,9.613313932900986e-08,6.823706367381108e-07,3.543010376011724e-07,9.269015711277661e-07,2.713868728518069e-07,3.27005589076307e-07,4.899207386432488e-07,1.2245063578900297e-07,3.414566294949206e-07,1.6737528272759065e-07,9.533846195305903e-08,5.51709334742739e-08,8.981096846749551e-07,1.1564770588673936e-07,9.189028350137865e-07,3.2754492195589377e-07,1.2330561931106232e-07,2.5246679950518185e-07,1.4421167627711936e-07,1.1624924386641777e-07,1.2801424789034883e-07,2.0200406270554904e-07,7.726636645771874e-08,1.4474076340496298e-07,2.766888314237097e-07,6.993418064759672e-07,1.3641980001791353e-06,1.3244876357880076e-06,4.103321726271543e-07,3.2734506539857445e-07,4.835927524028404e-07,1.7715077187920637e-07,3.628813885620238e-08,2.6609716926661154e-07,7.118956660943715e-07,4.1269313964190066e-07,1.2269751952894876e-07,4.1776177122598354e-07,3.653135665880328e-07,1.1981500669653598e-07,1.7466529626953274e-07,3.336882290677614e-06,3.489358698825931e-07,1.1501066579999792e-07,1.135663544635055e-06,9.230062022403058e-07,1.4245328593462924e-07,1.8716052154053774e-08,7.857394209443748e-07,8.531984375436002e-07,1.0022228737464367e-07,4.4912400951776194e-07,1.1887171538828974e-07,4.721741447098268e-07,1.490434498040151e-06,1.0535307735722323e-07,1.905428617022655e-07,1.1876293488581377e-07,7.272448031076862e-07,3.794489006055462e-07,4.0529183573788644e-07,9.054881775365111e-08,7.713207829347816e-08,9.761689832413389e-07,1.7978679854091286e-07,2.3738784498729623e-07,4.3242094084334744e-08,2.2036679870283524e-07,3.320943639376147e-07,4.689287770155883e-07,2.4000945119507883e-06,1.0127687694837613e-07,1.4649162059602493e-07,1.931245692105496e-07,1.4350047520281054e-07,1.1677548289431966e-07,3.1530463743352174e-07,6.269603999545299e-06,1.2665418465818967e-07,2.757101623559503e-06,6.010149688831987e-07,2.813635689949441e-07,2.4342557454157454e-07,5.674687937299044e-07,6.768147222574139e-08,5.175383910750427e-07,8.458099132584937e-07,4.2548167990491656e-07,2.3669339054914083e-07,3.375094377634498e-07,6.400895715467564e-07,3.3377080927203276e-07,5.191360478657938e-07,1.4720416849094241e-07,4.703205137820615e-08,1.3544952868472412e-07,4.22209207840813e-07,1.1419577207730325e-07,1.0491992892435577e-07,9.662695561296228e-07,7.856461085928272e-08,5.080551759201303e-07,6.893637996935597e-08,2.7761921820654384e-07,1.6493129950180038e-07,4.754855029875531e-07,2.907737932506512e-07,2.1568872093970553e-06,1.8940654180088617e-07,5.35290150759905e-08,7.647346481229132e-08,1.0966992550930965e-06,2.393073275097209e-06,4.3617026477188506e-07,3.211508198243714e-07,1.7797985646511817e-07,8.955673027140806e-08,1.1296528218586187e-07,2.410901664820142e-08,3.381692800515578e-07,9.168890091227454e-08,5.884377591247268e-07,1.3637862520202212e-07,2.0138853492759558e-07,4.3912190717850093e-07,8.663727865629029e-08,4.0920670795301325e-07,5.709099806778585e-08,3.5003440930335106e-07,1.103585474068007e-07,1.1757289939144368e-07,1.2403023399565878e-07,2.7354042870398784e-07,2.873598661633903e-07,9.26593531852274e-08,7.758061542496025e-08,1.4991981038927576e-07,1.457602788683553e-07,2.2193932207814638e-07,2.6070363006684073e-07,4.83740355720195e-07,4.1681940396650663e-07,6.255291103774164e-07,2.0905974764146917e-07,1.0823062554908622e-07,3.4477707511066734e-08,3.7171245066106557e-07,1.9609999812976696e-07,9.55161066876321e-08,8.333860048695246e-08,1.2038310113767713e-07,7.783911051936797e-08,4.5678329325459773e-08,2.1444824758651887e-06,6.550510913327321e-08,3.092815926759116e-07,6.826205740908159e-07,1.1520738527818702e-07,1.1943169245830793e-07,1.7458535913971616e-07,2.7635971626846847e-07,3.143438708021061e-07,1.5069041597100996e-07,2.038184119615585e-07,1.6039442759251703e-07,6.373995502113115e-07,5.134168573213324e-07,4.37369888862524e-07,7.022503798358447e-07,1.432991693330277e-07,6.168112665066003e-08,2.1546575119817662e-07,6.876828353977768e-08,7.805557791943003e-08,6.96147789845076e-07,1.0208677735667921e-07,1.4411048899792825e-07,2.0762916541073398e-07,1.6316407921622068e-07,2.1461918008487513e-07,4.1295770670702354e-07,1.53358008718101e-07,2.537645087565216e-07,7.604964193107746e-07,1.809150890343939e-07,7.360892818415348e-08,6.279965267339847e-07,1.6980883556440658e-07,4.174304266824296e-07,2.0802307803617445e-08,2.718261777438523e-07,1.0501568280273685e-06,4.834894568791705e-07,1.5501902004648042e-07,1.2677793079848055e-07,1.3376123259789538e-07,1.2569540254061157e-07,9.001980961665573e-08,9.269329226787784e-08,8.09099650576176e-07,4.909085119075843e-07,3.541496961991593e-07,2.1088597715033895e-07,2.5962385046826933e-07,6.479729663040625e-08,3.1180245831228844e-07,5.524151088759017e-07,1.8090956802827459e-07,4.277992401816107e-07,7.147473810336549e-07,8.334114381801161e-08,9.338893946011454e-08,4.57550632642386e-08,3.5885076080833596e-08,3.89136726522015e-08,4.7043535214403086e-08,4.030975397012047e-08,7.852386220232852e-08,7.080197747138423e-08,4.756612353456369e-08,4.095453767482644e-08,5.852697509976935e-08,6.612977560437566e-08,6.843123096717209e-08,8.165189726429946e-08,5.449989081510028e-08,4.8383053881992476e-08,3.900403127714125e-08,4.367711088715495e-08,4.428241361137192e-08,3.6331354186621505e-08,4.679582142366617e-08,3.9002840986732044e-08,3.475342206933457e-08,6.889431737991796e-08,4.9616658190570876e-08,5.221885159302127e-08
5,especially,O-ADV,5,3.939254589762717e-06,6.068574458317543e-07,1.4290518155960916e-05,8.481564683884477e-05,5.945226941591772e-08,0.9989324549976594,2.2379460910811555e-05,6.69599169651886e-06,9.089519423757851e-09,6.071888868591871e-06,6.51579796426768e-07,5.16274703995174e-06,6.467854397517751e-07,9.553619747678027e-07,1.3810417181153524e-07,4.4948051153683013e-07,7.40364880400796e-06,1.0522133983923773e-07,9.358008509428298e-08,1.1163934452934588e-08,6.244821256410534e-08,9.128964111638369e-08,9.534428112856631e-08,1.8835745624641963e-07,3.6180996969629556e-09,2.1245567242326542e-07,4.7854411015580306e-08,2.0107666778027185e-09,4.09108168628085e-08,3.076550647724636e-09,5.061671299852552e-07,4.548497482905763e-08,5.750015051557405e-08,2.0073745949852984e-06,1.7439481231321606e-09,4.550550009164595e-06,8.819460966808358e-06,8.321661182787109e-08,6.554531916765225e-09,2.0508567819456793e-08,4.435694922326659e-09,1.2894742368657894e-07,4.269761288074087e-06,2.313319063730021e-09,5.9377928024019863e-08,2.6580498671519957e-07,1.3275631327370918e-06,3.4130148712615306e-08,1.7921827564480012e-09,2.9406767099801103e-08,3.5290664532249455e-05,4.4627000986757894e-08,1.5119250960727973e-07,4.211668277124167e-07,1.3320766207664468e-08,8.3287750161795e-08,1.0074973960354826e-07,2.4335952940870683e-08,1.2352070468263624e-08,1.6013573964942974e-08,4.417458015038518e-09,2.6482702898902437e-09,2.517581312261197e-06,4.305788037810206e-09,2.4928356212422377e-09,1.70323207697995e-08,2.3759802854188113e-07,1.1166282666873956e-07,6.036659511148513e-09,6.575747524125593e-08,1.0084543186567625e-08,1.2601034181469304e-07,2.0220276556606736e-09,2.4323992639500995e-07,7.940610823252705e-09,1.1741551973361988e-08,9.468060107028263e-09,1.1342201024077526e-09,6.739314542043746e-09,8.062238616776206e-10,7.23925741810596e-08,1.1678694666430266e-09,9.660368728722147e-08,3.407569209925687e-05,2.9231397136359784e-08,2.2381048852789134e-08,2.5794872428220558e-06,3.28595086205474e-06,8.812763952162904e-07,2.4335049379592437e-06,1.0325581733882052e-08,7.759904524848422e-06,1.986909471532324e-08,3.691926000540682e-08,1.2590312917316465e-08,1.9490079596319208e-07,1.7586338769172273e-07,1.6568351717158824e-08,5.575013715913546e-10,3.0936017820730676e-10,2.5847050684669687e-08,5.147206711694481e-08,3.082283203211893e-09,0.0006609258542551009,2.9550608265961193e-07,9.59192139141483e-08,1.1371970266184006e-08,4.158311484241972e-09,3.177485102778879e-07,5.27810347242223e-07,5.0516574051614513e-08,8.805294949036214e-09,3.315352300675368e-05,2.6538438888351092e-08,3.092616938164648e-06,4.6700082417371683e-07,3.417496559942465e-08,2.2206951562315628e-09,1.1207628856963941e-08,5.446515476165536e-09,1.7448473478354674e-08,3.5240431993410006e-08,1.0163947413388835e-08,2.226183976253536e-08,4.050843036567509e-09,8.922723044756258e-10,2.505861932875283e-07,1.982548496515344e-08,2.179198418264885e-08,2.462348749092936e-07,1.058529515129539e-08,9.304817961837072e-10,1.2873159682552091e-08,2.4738809833172483e-08,5.468964555183688e-07,1.2287069670659386e-09,2.255314399528811e-08,2.408172969456409e-07,4.692468178208368e-09,6.062506078009767e-09,1.69883086059995e-10,5.7066800027751934e-09,2.7882765580800233e-10,2.233199955842307e-09,1.878248721454348e-09,1.672028100969824e-09,6.972580036732477e-09,8.535194102299119e-10,4.423528637854294e-09,4.81622392114874e-09,5.243105682868258e-07,8.320899346825898e-08,2.1467300310599666e-09,3.834871956957477e-06,1.3451078570899592e-08,1.22477201755951e-08,3.852740201472065e-09,4.00694955054183e-09,3.874054781308096e-07,1.8894017068075288e-09,1.9580827155186217e-09,1.538314295662348e-07,2.5195277949507762e-09,4.4216391061994314e-09,1.415566931542125e-08,1.9211414478556306e-08,5.064193647209781e-10,1.7172194411317924e-08,8.506274222009663e-08,1.6871376505352195e-07,6.212358578913643e-10,1.1922127126851598e-09,4.453599360476448e-09,3.13349850722467e-09,2.8010602736947784e-09,3.0073925898592205e-09,2.0687087915176192e-08,1.670894852659052e-07,2.0941094213814916e-07,1.1906453144802027e-08,4.730122059794364e-08,3.1285298578312403e-09,1.730946139959154e-07,1.6723342864902814e-09,1.00154690944624e-06,8.10021795226121e-10,8.755188115829173e-09,1.3431389266921909e-08,3.2329450516796924e-07,9.41191479690589e-10,2.819671331753037e-09,1.8276358990628096e-08,2.8418730138565954e-09,1.042850260358598e-08,1.7061510029864304e-09,2.226856095621412e-07,2.0298244644738085e-10,2.1506644120802874e-09,9.818221127455574e-09,1.9055575177703507e-09,1.592866099798319e-06,2.6431029348680987e-09,1.6480605972440192e-08,4.4864603259556016e-08,9.91853885336417e-10,8.311227983310091e-07,5.929463125841763e-08,1.7955221414512165e-09,3.333342057880766e-08,1.0437736015458172e-08,7.48505354083956e-09,2.251600816664488e-08,6.808128509829619e-08,1.2413667253613195e-08,4.17802782615826e-09,9.451285033629035e-08,1.0917678985866252e-09,5.711190924442816e-08,4.83241883243717e-09,8.248896596850024e-10,1.2675085100316405e-07,2.9176140997993324e-08,1.3416231767643103e-08,3.902877771846538e-06,2.2803057574462532e-09,1.139281204103766e-08,5.36878841879023e-09,1.8128044750804505e-08,1.2677876902768764e-09,4.0228911363434725e-10,1.4831441713514118e-09,3.161835773304246e-09,4.2776290404454414e-09,3.876327370594295e-09,5.553768878219291e-09,1.777958685290755e-08,3.4492555152358334e-09,8.237576236118708e-10,3.6435605390275304e-07,8.141135570648883e-11,3.971267387625637e-08,3.022656456843821e-08,1.547222886368328e-09,1.0361285081321929e-09,3.883800034599607e-10,5.082291155810392e-09,2.3119075566265143e-09,1.3011439828192558e-09,2.161645966292226e-08,9.516789979976955e-11,4.8231209690183423e-08,3.805298733685131e-09,5.175593182831211e-10,1.0559518575028617e-09,4.607609594190603e-09,1.3799975929316454e-09,6.458823842093572e-09,4.196799039955957e-08,5.188068863983141e-09,2.1705038041257728e-08,1.256148740428756e-07,3.7109274731663975e-10,1.7402797327326544e-09,5.107028742164909e-10,4.85134842295575e-10,9.050431605891026e-07,2.2655163050508089e-07,1.2057836874312631e-08,3.0668952764906754e-09,6.516658027948968e-10,5.512417494575112e-10,6.748141743565342e-08,4.3065907604018547e-10,2.461989331207148e-09,7.755483288524714e-09,3.162897358750402e-09,2.6561213276584614e-09,6.884597712961808e-08,2.2055591001599692e-08,4.454958698548635e-09,1.8957549606285547e-09,7.940126181620627e-09,1.3597641248595676e-09,2.7278273530779295e-08,3.974567238439902e-10,5.293641839736214e-10,4.027804890632578e-10,6.6748396575003655e-09,1.820955136810136e-08,1.0236164304077227e-08,1.1074014039231707e-08,3.215049033937282e-08,4.391664673097003e-10,1.1557399665847516e-08,9.288017955119433e-08,8.844914217603247e-10,2.2374293707525405e-09,1.4974247419890031e-09,3.108344184291297e-08,1.175557378082436e-09,7.546522656520731e-09,4.630162704407492e-09,4.384017511186228e-09,1.6811867919679673e-09,2.9521959528060416e-09,4.7014675454586455e-07,2.476071361256445e-08,3.328270662956009e-09,1.3773469482084052e-09,1.875041565007722e-09,3.6597554933888674e-10,9.361783732545811e-10,7.298262530891034e-08,6.523600722012749e-09,1.401173397151089e-09,6.254419399926908e-11,9.65866388495908e-10,5.996651749635076e-10,3.2507745088078925e-09,7.3299823819152025e-09,1.1465359705818729e-08,3.149979143936208e-08,2.0546222453185626e-09,8.644241791314568e-10,8.224989086316226e-09,3.621867750498845e-10,4.989012552520696e-09,3.390901390717587e-08,2.993647404009773e-08,1.169510083123008e-09,1.2442153555882887e-09,1.6909632004070828e-09,1.4442403354295025e-09,8.214982099775616e-10,3.306908085464855e-09,3.6714892865993125e-09,2.8680106041976853e-09,2.6315935293915994e-09,7.867789918903134e-10,2.110483271721728e-09,4.42192360821458e-10,3.951079566006993e-08,2.8407457854108324e-09,9.398998369911997e-10,7.673111985455795e-10,8.564183992993407e-11,2.003287599342229e-08,2.1805289014144013e-08,7.634779660616875e-09,1.2853139525771536e-08,6.383012959463769e-10,2.377583882650021e-08,5.077192242611433e-10,3.0713910908972504e-09,3.654832486317372e-09,1.0339839868030096e-10,4.2806325806249336e-09,2.6456940971630885e-10,6.466339654845537e-10,2.708839275395144e-09,1.6989289356989436e-09,2.099882854501415e-09,3.117950045114367e-09,2.325351721578941e-09,3.3614342925417e-08,1.3858970286206964e-07,2.047056049825426e-10,2.3573619610319445e-09,3.133987038215326e-10,9.443563060708749e-10,4.35363375360465e-10,8.941531533379774e-10,1.2301326856989615e-09,2.994388263268819e-09,3.4938686617326803e-10,1.1680476829779486e-09,2.878005800875622e-09,3.60411596464488e-10,4.0869907354796277e-10,3.228540343829633e-10,3.902320987070609e-09,2.0749751683603154e-09,3.4510568579998283e-10,4.390980093273534e-09,1.8478256090589013e-08,1.441285581557087e-08,4.532147462373287e-08,3.684284656834969e-09,1.2207087203911105e-09,5.358821043652437e-10,2.2922366500431566e-09,1.4924113481090507e-10,1.7373611810152554e-09,7.225179813328354e-10,1.8281997781983649e-09,5.432257732427953e-10,7.0412200798181255e-09,1.062186140978771e-08,3.9065042568110457e-10,2.1691132408502386e-08,5.4249324676175624e-08,7.610586594826581e-09,6.538349622077916e-09,9.718950161126913e-09,5.1133889529290415e-08,1.1370929178868828e-08,3.3890616320774725e-10,5.8325686047390565e-09,8.462027778214156e-09,5.880108200097076e-09,3.0149278379270423e-09,5.223035326869311e-10,5.280733672914553e-10,2.4015757391420625e-08,2.2979174900997242e-10,6.222984479820023e-10,3.580217969329364e-10,1.4914047688152065e-09,2.5090158705327396e-09,7.223171751909791e-09,1.7989285937161302e-10,7.178366693768323e-10,1.718372746571403e-08,1.8413079731961915e-10,1.4438830074109836e-08,5.575864460401665e-10,3.941097336447782e-09,3.76751356110448e-09,3.459786448226939e-08,1.4279761134912836e-08,1.2188846839144317e-09,2.0117487372107002e-09,1.996397787220103e-09,1.605914029131177e-09,6.378923593947884e-10,9.879234474299726e-09,7.615000751190553e-09,1.2019300968742956e-09,8.977593853802172e-09,8.758929534948148e-09,8.641311896526083e-09,9.115105306748661e-10,7.328217280069089e-10,5.372575878366287e-10,2.0211639367667386e-09,2.3146607936925975e-09,4.937815680669393e-09,3.8815487281061117e-10,4.6808830789465335e-09,1.2094730661753669e-09,2.5792681479915533e-08,5.294109007564775e-09,2.9869043500251048e-09,6.195697380973297e-10,1.5793770314306883e-09,1.2086573188638652e-08,8.81255327843118e-09,7.395165795652397e-10,6.081777997009946e-09,5.019419596773373e-10,1.4542356506181955e-09,4.0092868439962716e-10,5.042740452256457e-09,1.2157270014617694e-09,1.62653084485647e-09,2.9790754625529574e-09,9.34206036067514e-09,2.386096242530624e-09,8.391848701625261e-10,3.5666953832976636e-10,1.062088899384584e-08,1.0628995180958285e-08,1.267362173793678e-09,1.2003132920421029e-08,5.232128713710779e-10,3.3092300332566503e-09,7.181434278157802e-10,2.824589761744265e-10,2.387261613077687e-09,9.381804036575334e-10,2.074588405480483e-08,8.095302242145059e-11,3.9325672161395136e-09,5.3645302054481105e-09,4.6480163145096626e-10,5.118245657849288e-09,4.17076645600922e-09,4.0526977898370625e-09,1.3816786212249291e-08,1.2988076263407815e-10,8.163001369746314e-10,2.085004396537324e-09,3.381107183241693e-10,8.356071338969437e-10,3.2690905227081946e-10,3.1383792705012602e-09,1.63673848693308e-09,1.2181369357049994e-08,1.482601127174401e-09,5.40019155470292e-10,3.1620287623342044e-09,9.895528373104906e-09,3.649470582339601e-08,6.150484514625053e-10,7.030722022858579e-10,1.1735103917401788e-08,7.370382336648405e-10,4.4138342325687344e-10,2.1315266898412337e-10,9.779346608654833e-09,7.999986043597141e-10,3.1434698837131703e-10,2.923149377214721e-09,5.151640900635427e-10,5.3481839136315105e-09,9.678400948008022e-09,3.7180689928378714e-10,1.7512012302751623e-09,1.055919632901265e-09,3.4495713184659156e-09,6.39059332533012e-09,4.2760628127066315e-09,4.856977639707414e-10,4.593569719659351e-09,5.332050149471786e-09,1.0981837542135387e-09,1.0751004965681844e-08,1.4512652451586608e-09,4.025948220477735e-09,3.926224678312825e-10,3.6577335896498954e-09,4.288346961368225e-09,1.1967693287901585e-09,1.2050887196067833e-09,4.955040658507909e-10,5.9852964862823235e-09,3.3460930946185095e-09,4.839961848439168e-10,5.146769521557101e-10,1.2000569048455343e-08,3.620762612817707e-10,9.016642255321236e-11,8.275849052572806e-09,5.631614092251028e-10,4.748956475532993e-10,3.5680017853525186e-10,5.940732101869594e-10,1.2202949711919931e-08,1.1896685899468501e-09,8.840326676580637e-10,8.873031050505647e-10,1.987219242496067e-09,9.279013403009402e-10,4.4431610292583e-10,3.442431587041746e-10,6.154615254748915e-10,1.4498534787751374e-10,7.797276561355417e-10,1.4915819051677773e-08,4.3190801367477415e-09,1.4706594495092445e-09,6.391784715521935e-10,1.3285084577277863e-09,1.2841419962310929e-09,1.442781832217347e-08,7.227826237746606e-10,7.75621899785313e-10,2.450146740940651e-09,2.591347965856876e-09,4.555056309800828e-10,1.341218242236539e-09,3.1146317897226265e-10,4.3177765332427707e-10,3.284590685874245e-10,4.57777127297165e-10,4.434762117654045e-10,8.982008208372059e-10,5.851128925517498e-10,3.590064848111878e-10,7.185380241519183e-10,7.259437496079171e-10,2.177019289565226e-10,6.331600693617388e-10,7.213503024638438e-10,6.340495290778548e-10,3.826855917884544e-10,4.04332248090015e-10,2.646017077581068e-10,7.222534357882234e-10,2.2288498622060957e-10,5.074713749986702e-10,4.2456497702777337e-10,4.99009493107855e-10,6.282902976724966e-10,4.829486223675272e-10,6.045713237399467e-10
6,when,O-ADV,5,0.00023391209266828314,0.0001975456194725125,9.783097755996356e-05,0.0002300608432748655,0.00013321403110269642,0.9868728117493277,0.0001559474898447852,2.6918365492727854e-06,1.5871888227193183e-06,1.3175090200961434e-05,2.5957545814550258e-06,0.0002280755235463896,2.6365425896579887e-05,4.525069211605735e-06,3.4646238294654414e-06,9.551256030275615e-06,4.2140831910179876e-05,6.599224937041477e-06,1.2015474640670894e-05,0.00025064489320437473,1.625819939938733e-06,0.00015699802320440174,7.024624000850339e-06,0.0052946502784908065,1.9007180757350987e-06,7.434894469676094e-06,4.1752959023063236e-05,1.6336782118838668e-06,3.921742022521766e-06,1.2864434657861365e-06,0.0002854342013838706,2.7392469676483787e-07,7.714098436499985e-06,1.9822263475683526e-05,1.0996484506794157e-06,7.555640432232367e-05,7.417419546568103e-05,4.0434057738943325e-07,1.0130711909345485e-05,1.0547819301601722e-06,6.304159569337891e-07,9.557962451281341e-06,0.00015759325746116787,1.0400430795005827e-05,4.874004914238835e-07,2.4237956860325534e-06,1.4168927027947188e-05,1.1880927533405525e-05,3.016472440477747e-07,1.2607531600212952e-06,3.672113059267893e-05,1.4040273514167106e-06,1.93065641261411e-07,0.00032907460360769963,4.676140510088267e-07,1.092253341125029e-05,6.93516126973461e-06,2.1845035614511423e-05,9.847563546754213e-07,3.656258575827759e-07,1.9535271519121227e-06,2.2547563988929398e-07,1.1954394326747678e-05,2.0283733994083174e-06,1.0820750746245721e-07,2.3597216071450455e-07,2.1783124357281296e-05,3.0379877515494107e-06,1.17310876185839e-06,2.5497465355379136e-06,1.3793148107222056e-07,1.1804309297725702e-05,1.4141327099362663e-06,9.310091662815451e-06,2.582961775234905e-07,1.3983021307747231e-07,1.036877385853885e-06,3.926412401953277e-06,5.206432953086285e-07,5.481998226656755e-07,3.207188161673326e-06,1.5071751248102392e-06,1.0274591676702037e-06,5.182320814413832e-06,3.291582183562186e-07,8.22998354617053e-08,7.316053950655675e-06,3.481582306846969e-06,0.00010069341266903755,2.29137463642471e-06,2.522657234374494e-06,5.612819346015902e-05,5.422579328510611e-06,0.00019341165805456334,0.00022092349523266357,4.145852588859742e-06,9.46886436734759e-07,1.4538266753157187e-07,3.5755847243371964e-06,4.804757270889479e-08,4.6281390075025755e-06,3.6767227135965247e-06,5.82365634551902e-08,0.00011652513414975666,0.0004050158026798955,1.6299432951027513e-06,1.4928471245588247e-06,4.641308290821696e-07,2.6396998856982396e-07,1.0239499540963677e-05,1.113935760229227e-06,1.8049537569290542e-06,3.672113059267893e-05,2.57116493599169e-07,0.0013947888920404865,4.894873458118991e-07,1.0950271009100884e-06,4.107456181350446e-07,1.2606762121034686e-06,8.865093883847034e-07,1.0223921017937118e-06,2.063461824514689e-06,1.8840919727212077e-07,9.376303730409121e-08,4.471137140402622e-07,6.815359198854969e-06,6.533098986904238e-06,3.3934782118372945e-07,1.4549362802711987e-07,6.54549353739575e-07,9.429070800473743e-07,9.206431276110956e-07,8.016796460481434e-08,2.2537170389870016e-06,6.500660170617327e-05,1.558486103606536e-06,2.0626994815165794e-05,2.425423536662618e-06,9.308986020762851e-07,5.8966209966739015e-08,9.487149514561291e-09,9.981294970394952e-07,3.0220008263233934e-07,5.156937860291288e-07,1.637871480066744e-06,2.854718777500431e-07,3.8673217132398053e-07,1.6881161939502658e-07,1.3682005342319415e-06,3.8339358231999005e-06,9.217896816302287e-05,2.691024087487095e-07,9.14907516977035e-09,1.5028527905615112e-05,2.398337273826544e-06,3.648877571320075e-05,1.6974091977393863e-06,2.587537716583633e-07,1.9068765944589435e-06,2.4416958513308357e-07,8.296023594634006e-07,3.10765969405819e-06,2.7618357562431757e-08,2.447730911586065e-06,3.4658928449556086e-06,1.7885043261584101e-06,1.8834021239563324e-07,1.5632017845429367e-06,3.1719626657740607e-07,6.998328498074691e-07,3.283656103650544e-07,2.361450551950237e-07,7.88071422080998e-08,1.324977146685874e-07,9.230343705840051e-07,7.413395170708778e-07,5.074973163308399e-07,8.703923087692026e-05,3.167695824816425e-06,6.21608980972276e-07,4.353310470447334e-06,1.9481159787656004e-07,3.5155457348255807e-07,4.4712735907616685e-07,9.54749908908057e-07,1.0506090724777128e-07,1.1978170705576188e-06,5.378428268379983e-07,3.243013498301218e-06,2.4372210062264105e-06,2.0795257032168232e-07,7.47701347288791e-07,1.1036491850925283e-06,5.767061493346196e-08,4.6040651665789673e-07,7.846850589641857e-07,8.948023743097468e-08,2.7947325352330144e-08,5.392727126547743e-07,4.344167654343178e-07,6.3216702819160035e-06,4.0275191166947523e-07,6.459963884409476e-07,2.8623860994270587e-06,9.268197785931478e-08,1.9305911122331155e-06,2.8237673958929583e-05,8.091764042920183e-08,2.4267642501938726e-07,1.442292813160131e-07,4.434312143449477e-07,1.8415084045366325e-06,1.06666183929274e-06,1.2065158754204079e-07,8.661348628454552e-08,3.708262375199108e-05,5.107133947653049e-07,6.235659651313565e-07,3.7246312488252226e-08,4.642583239296516e-07,2.752402903017007e-07,7.19254880621667e-07,2.9245577082049315e-07,6.259641873289658e-05,3.755206429905184e-07,1.3427567561617055e-05,1.253889032960781e-07,1.664583834841542e-07,3.7467356127173527e-07,3.297525039401335e-08,1.979277504557012e-07,2.409504147305122e-08,2.827398394207901e-06,1.447761048193656e-07,1.2111641191944886e-07,1.4121442626402855e-05,1.2878968743320372e-06,5.5894570853238106e-08,9.992233741222114e-06,6.986211664920245e-09,1.2158633561231047e-06,2.854718777500431e-07,1.9133533240304445e-07,1.460407882306064e-07,5.517598475531726e-08,5.2766714411092426e-08,6.778644525867814e-06,5.222345994550283e-07,6.2849293500258545e-06,2.9486746339820327e-08,1.8935390090075078e-06,1.0629933197686429e-07,2.0749683087430528e-08,5.719737607085513e-08,2.655617463453517e-07,5.03288432365328e-08,8.968527599971709e-08,1.8948685587279756e-06,2.0471606928921578e-07,5.938659641631642e-06,3.5781071524062184e-07,1.8066129705702633e-07,1.1174123079945873e-07,1.5694688539283232e-07,9.306460348512667e-08,3.4706443206010164e-05,0.0006186128001132696,2.863880954900997e-07,2.3270400980038896e-07,2.152948561907834e-07,2.3394374167704832e-08,5.941035785017802e-07,2.441844885166742e-07,1.62048093765372e-08,1.0240783410958741e-06,1.3646605406659326e-07,3.945657307958273e-08,9.856282594312726e-07,3.05118142632546e-06,5.633449034177785e-07,4.575227068202675e-08,2.0454745792127308e-07,2.7085733765831534e-07,2.1888556085651417e-07,4.7740635226912354e-08,4.41838717997864e-08,1.5260635826665112e-07,3.358449603721359e-07,6.115424320375521e-07,6.221973292501859e-07,0.0006847419501000995,6.342948337627024e-07,7.780085521773989e-07,4.021501021094502e-07,3.6609479470418507e-07,1.3573090476591605e-07,4.6685832857656374e-07,3.927623815031879e-07,3.00388717336264e-07,1.595644579796691e-07,1.227199881727796e-07,8.961140804629684e-08,5.266518809049261e-07,7.184651175185314e-07,1.5446650283901993e-07,6.047643118990293e-05,1.35950617863454e-07,1.0345734391157172e-07,6.816629777608749e-07,4.6631724172815167e-07,2.7867269073672034e-08,4.5304880442692786e-08,1.5284355391261608e-06,2.4887904336486607e-07,6.093813753092212e-07,5.954831034544878e-07,3.874895267032093e-08,6.869487030236526e-08,1.0214287070342974e-07,6.123474832972124e-08,1.490848842889644e-07,2.561453572229346e-07,3.591136872301901e-08,8.933835259317747e-08,1.4742445657593528e-07,9.907917612293645e-09,6.262187850301546e-08,7.063987639117468e-07,2.8690421238809196e-07,4.053426528725586e-08,1.5006220446245553e-08,5.992750477450276e-07,1.1769495606820102e-07,2.5652084509694437e-07,3.8285701438942985e-07,2.0573693877097706e-07,2.496778169479469e-07,8.85887361962823e-07,1.950793146781281e-07,1.0698602409467513e-07,4.4328531330385054e-09,1.1695660006285858e-05,5.7384452559647716e-08,1.0640319062222318e-07,1.8618006992665042e-07,6.275005105480239e-08,7.982374469204348e-08,4.7079284639443285e-07,1.6232914876475179e-06,1.0031681538797275e-06,1.2047130465147918e-07,4.098565993568522e-07,1.4739746482295293e-07,1.4740245039993483e-08,7.326379942407894e-08,1.3861130981821715e-08,1.0069441131641781e-07,2.2825882726926115e-07,8.475438930807492e-08,1.4376347312890103e-07,1.472490984934905e-07,3.4081230038121035e-08,2.0404313114753922e-08,4.028761724152353e-08,5.157252624405103e-07,3.7446780345578654e-07,1.0085433155002424e-07,4.56405561612635e-07,1.9240163974911405e-08,2.1151116778050814e-07,1.3565636602764322e-07,1.4320346587683886e-08,2.0725634291596557e-08,3.3568101360440287e-07,3.246302581422395e-08,3.694969307456449e-08,1.0730938859271012e-06,3.482349156926903e-08,1.6577455484777115e-08,1.3688315152974273e-07,1.674161508223034e-07,1.53358008718101e-07,6.6839903553114e-08,1.022985091380832e-06,4.340442833504563e-06,4.1854018926885857e-07,3.780144615425119e-06,7.543274185628736e-08,9.530646283573446e-08,1.761862806166768e-08,6.794429649127371e-08,1.6860623363883204e-08,4.511020420923974e-07,8.90199337496117e-08,1.6357289907459158e-07,5.3413156750351455e-08,2.7265699248331303e-07,4.863900889625989e-07,4.7813537260869136e-08,8.53331456237229e-08,8.181874939452843e-07,2.5965468637738932e-06,2.5864324373317266e-07,7.255181477869107e-08,6.593811381200178e-07,1.732584467608486e-07,4.136149227100684e-08,9.539635432419756e-07,1.7711234691943354e-06,1.444098569252045e-07,4.605189343149278e-07,6.3107250077574e-08,1.699597464289146e-08,4.473730409425527e-07,5.6676108268659024e-08,7.461537965028267e-08,2.8345013943037026e-08,3.7745211138281764e-08,4.8560723283148445e-09,1.3279278089200244e-06,1.0112554459962484e-07,1.800564411229599e-08,8.735143118475992e-08,2.4877355589295683e-08,1.4818223574352203e-07,3.102657843691338e-08,1.6649339622075435e-06,1.6949819079064517e-07,1.3610376331246153e-06,2.5427614620604264e-07,1.1700378288598363e-07,1.1120713006558824e-07,7.283108837423858e-07,4.4116358128621935e-07,5.97469201327111e-08,6.059691452646942e-07,1.5712899724284794e-07,4.438930237739523e-08,5.566797960487034e-07,6.384724132651037e-08,5.798985876017837e-07,2.5403654311612323e-08,2.7982315510047907e-08,1.2560762259700994e-08,3.1546930245314296e-08,1.4501045974755385e-07,2.6523777207014246e-07,1.2607230210575781e-08,1.1128521422862338e-07,2.7829025469232736e-08,8.103625898666491e-08,2.535013398523263e-07,1.699015782922304e-06,4.982757627931666e-08,8.145030925159498e-08,1.0907579948234315e-06,1.1404253593162034e-07,2.75594213585801e-08,3.6211687137427114e-07,1.1505279167675066e-07,3.033273143384945e-07,1.2175422874689687e-08,7.956567995740656e-07,1.311700531087738e-07,2.8611728760508585e-07,6.783656023840172e-08,2.1420694806352096e-07,1.0142500516004565e-06,9.072307504320807e-08,9.61272720068884e-08,1.722146925881084e-07,2.044170875421015e-08,2.0932787932370208e-07,3.235708758583787e-07,1.002712359877733e-07,1.0111628670330091e-07,9.953647279264347e-08,1.135775031955262e-08,8.911234856063426e-08,1.335206072272694e-07,1.3804939281536425e-07,1.4735297668064408e-08,1.0664700711781122e-07,6.455431198943147e-07,8.408456056267552e-08,2.0452873189941327e-07,3.658490860132227e-07,2.599251025740286e-07,9.201375421127154e-07,6.316119777540053e-08,3.382839386153399e-08,1.4808278154833786e-07,4.9379500488242135e-08,2.7784806366189535e-07,9.79428009781246e-09,4.673587985085544e-08,9.981632578063534e-08,6.124596177360805e-08,2.912257421635481e-06,6.192253975463531e-08,1.4677353739384907e-07,3.869210515015817e-07,8.210111587229367e-06,1.079173009849073e-07,1.1257639387808752e-07,9.76082843204638e-08,1.2574911688415403e-07,4.124678663518626e-08,7.297817093890904e-08,3.666550495537041e-08,7.18158221668271e-07,3.1686731516375466e-07,4.483708020737811e-07,7.997980279427606e-08,7.177881115754838e-08,4.518598376815112e-07,7.592467018955639e-08,8.164691378007723e-08,6.709741211299322e-08,1.0436108964212059e-07,1.3304471444313546e-07,1.0608579427964181e-08,3.1707045073242194e-07,4.88785764569448e-07,2.1341742032638932e-07,6.893427623009528e-08,8.054535101103703e-07,2.4841698924843443e-08,2.838396663659298e-08,7.062286590332755e-08,2.6388944361314577e-07,1.8477631102551293e-07,1.3008971567907925e-07,2.4657407449181953e-08,8.089541878729823e-08,6.34432445588729e-08,1.2609882006306227e-07,2.0806117168686054e-08,4.122916787075878e-08,8.64207449872639e-08,1.9913408092762964e-08,1.1275555752225764e-08,2.618118689807069e-07,1.0824714149197418e-07,2.6695208667969393e-08,3.341184133690425e-08,1.1366728205466496e-07,2.795405684973095e-07,2.304573972559693e-08,6.742377972064887e-08,4.384538207437021e-08,2.629417363670316e-08,1.343999978863292e-08,3.2271505885995864e-09,9.650939379809156e-08,3.5508156085400614e-08,1.84388244094937e-08,7.696748226782637e-08,7.127846057904323e-06,3.294597096962677e-07,6.633392023767662e-08,2.482342891904639e-07,8.619423010480415e-08,1.1741154840131902e-07,8.16217310884961e-07,2.2879583277202297e-07,2.8558609916618473e-08,3.8227326642467816e-07,3.599036229220629e-08,1.994625143271747e-08,4.6294409471234636e-08,1.2915658306538016e-08,2.148099143649787e-08,1.7994108547415937e-08,1.6781057159684476e-08,1.3916655964173532e-08,2.2078487707860303e-08,1.2886130515448351e-08,1.563880139072842e-08,1.7996854439972513e-08,3.152479508871143e-08,2.323357894627767e-08,2.0290678408745436e-08,1.922666395955848e-08,2.4066380961984894e-08,2.366941730314857e-08,8.607885301951924e-09,1.8092672967402205e-08,2.5531894481794408e-08,1.3369637742310153e-08,2.2943986499563967e-08,1.2149811903932585e-08,1.846529067401338e-08,1.1795423741429712e-08,1.3703825352021007e-08,3.384904737689576e-08
7,you,O-PRON,1,5.0346944701135785e-06,0.9858493658871746,0.0013267804310269915,0.00031205638661420404,1.221586967851144e-05,4.073364425707614e-06,1.2172330000609668e-05,2.5914013479781547e-06,1.0743027031253623e-05,6.575481637623607e-05,0.0003313520669238554,1.8690181844595804e-05,0.00012028642723957054,6.317062730951529e-07,3.7129174082641694e-06,5.892245326138012e-05,4.743968792455196e-06,1.67998495827984e-05,1.291872651245494e-06,4.688286137204499e-07,2.0981325083365186e-06,1.7695567010327958e-06,4.2959015353648e-06,1.233541400761808e-06,7.94080065224567e-07,0.0036970512868593672,3.186602754844782e-06,1.977037328016826e-06,0.00024740747680143107,3.7040897976548424e-06,7.658998993317292e-07,8.628342620720502e-07,1.943240603209901e-06,2.8215370741091174e-06,2.850617690906589e-06,1.002460958873677e-05,4.0412818836569505e-05,4.0120754405124596e-08,6.460358181347395e-07,4.772768245232124e-09,1.9043759255922951e-06,3.0140600201700724e-05,5.199094870137452e-05,4.553606213836567e-06,0.0023963381525706267,2.3222083654947174e-06,2.4552871315308377e-06,5.043613869086067e-06,1.231476750217423e-07,1.1718564154624662e-06,6.133741235196275e-07,3.0301174413050785e-06,1.984351284887951e-06,8.48602215875221e-07,1.9694432811754533e-05,7.13263320591487e-06,1.312136596382141e-06,7.295566198314054e-07,1.6809136119899336e-06,6.401677122500161e-07,1.6884197438280687e-06,7.027266659740309e-09,2.880613331340235e-06,2.110140334353576e-06,7.012247639855406e-08,1.9862425911569707e-08,2.1682528624535803e-08,4.258569941870791e-06,2.3528902806106997e-07,0.00013945806906975436,9.605364314536652e-07,1.781525719061322e-05,3.4840269022637173e-06,3.870142467544249e-06,4.026276892499652e-06,4.005224721826265e-08,6.573919956474329e-07,2.0553476290986246e-05,6.104795774694073e-07,3.734724298234306e-05,2.416852622236462e-06,2.695709202845466e-07,1.830700049038253e-07,2.3152736593837503e-06,3.23620252622846e-07,4.814297651213561e-08,1.3932240660937328e-05,4.774630545284319e-07,1.0245125811213118e-05,6.220644277568704e-07,6.323813686648445e-07,7.448090654110332e-07,2.2768138864487378e-07,1.3733878595974352e-06,1.9840616381253886e-08,1.381416517836532e-06,4.874881337083086e-06,3.947343434800279e-08,1.494862910114516e-08,1.2200966826050157e-05,7.414073918377787e-07,4.1320983302357717e-07,7.20458376264709e-05,9.44260486731217e-07,8.192368685456484e-07,9.433707149862643e-08,7.688296969895255e-08,1.1570418828165436e-07,7.051710499971882e-07,3.09176764219185e-06,1.7324258520238967e-07,1.0608544357282042e-07,4.870123034545408e-06,5.667956760935247e-08,1.73979031313289e-07,1.830302960304209e-06,7.441980746499702e-08,2.8041207612110556e-07,6.113185195123049e-07,9.227869876692456e-09,5.749469638939075e-07,4.187587681297317e-08,5.743682377213036e-07,2.3293924948680344e-08,1.1929730660649817e-08,2.5582506326996684e-07,6.76399517272591e-07,1.287626035998189e-07,6.974685166468719e-08,6.51937818223547e-07,2.5285149142940866e-06,9.60334435399571e-08,4.452919846988427e-09,1.0875670912179874e-06,3.824703763960261e-06,7.44155113877269e-09,4.235786086583643e-08,1.0893608241407405e-06,5.114325328135263e-08,2.9969381305959856e-08,6.002084835321732e-07,2.3589295972152277e-07,9.482518248109685e-09,9.332310384586471e-07,1.0825374857479887e-07,7.334881038825894e-08,4.9896051049283075e-08,6.224082894300994e-08,8.460966907856307e-08,2.647112815146661e-06,2.2387732026153225e-06,3.364707423243598e-07,5.620073861598187e-08,1.212195484382916e-06,9.297943928692551e-08,3.470773185752253e-07,1.815948589576219e-06,4.890991126791796e-07,6.637825146520961e-07,1.501854063674785e-07,7.703092765406665e-08,0.0007941933648974156,6.171501841328362e-08,0.003849843039823136,2.6990018727708326e-07,2.3127314205208558e-06,1.4974197916836855e-08,7.767748985752201e-07,9.096981969791757e-08,7.81819296359707e-08,2.4044357615175507e-08,5.531423233028289e-08,5.826836991411777e-07,5.76209759139946e-06,1.1618856542996336e-06,5.059371506533138e-08,4.15676146025855e-07,6.4921566981755735e-06,7.378636127936026e-07,1.2036106035146955e-07,6.938594282051856e-08,6.651433233500441e-08,3.096394410442528e-06,3.972721975505462e-08,3.392132189283926e-07,5.5812753979562835e-08,4.521648070404944e-08,5.656188140804514e-07,2.1358030702478372e-07,1.515343335952616e-07,1.0167670243728782e-08,1.359008403753191e-07,4.561688403527862e-07,3.36963980558586e-07,6.056938204343183e-08,1.141361654883149e-06,1.1707840398406682e-06,5.41352113610018e-08,1.1119621400864905e-05,1.4877533299130392e-06,1.1863937844268649e-06,2.4381137066643508e-06,6.46925761445527e-08,1.767128252578507e-06,1.835330880089271e-05,7.334433366877616e-08,3.42938407523796e-06,9.686083390732518e-09,4.9934133240539564e-08,1.253850767888139e-07,8.352701678379991e-08,8.16170192614218e-08,1.7654572604103092e-06,3.7591172726268685e-08,5.090173719521679e-07,3.3054845961112715e-08,3.93701018386509e-09,1.6194374004511035e-07,2.0529164125869763e-07,2.3469458063179615e-08,4.0767356349176817e-07,1.6584990950660086e-07,5.08737837142246e-07,9.551319181186176e-08,3.4068638776786394e-07,2.7773029766032966e-08,7.99261234387313e-08,2.538970349957602e-08,1.2311761334118326e-07,2.6177278809683174e-08,1.768650589059965e-08,1.566172657801243e-08,1.108949743063459e-06,1.6687091656734633e-08,1.3717587804302646e-07,7.261605226449236e-08,1.5814457105594104e-08,2.0841704898607404e-08,6.704010238738469e-08,4.130571732461036e-06,1.516823886236412e-07,5.064435780288068e-06,2.6090260704583374e-07,2.517828461511724e-08,4.8621360756660036e-08,1.1524958320895697e-07,7.922430800067712e-08,1.958375043853356e-08,2.1031466966884742e-08,2.0834640773836283e-07,1.6969486643044476e-07,2.250295640421078e-08,1.261723747567335e-08,7.945675079163641e-08,1.734653526781602e-08,2.1420694806352096e-07,7.862405392582608e-06,3.3653235759822844e-07,4.252090891831847e-07,4.91583135277563e-07,5.178244733668032e-08,3.6595200284860172e-09,2.1093103206753402e-07,5.766181576731839e-08,1.0934945858849614e-07,5.041783848210451e-07,7.359520792307279e-07,5.618187556751371e-08,4.769112534580322e-08,2.2319588020932598e-07,1.5055761020271e-08,1.4501045974755385e-07,3.453457186413795e-08,2.245836282523705e-08,4.254557113566073e-07,1.585161005598603e-07,2.4194514752922134e-08,1.6218662177261483e-08,6.009802737283094e-08,7.549031443050842e-08,7.045280711471994e-08,2.1423309796864183e-07,8.413846503375425e-08,2.6989284293585023e-08,6.138817659199433e-08,8.769628116170368e-09,7.436985976364095e-08,3.012792469676073e-07,1.2951138167164888e-07,3.6492478431299085e-08,2.975249677687699e-08,7.006258288321812e-08,6.509878344643023e-09,1.8668135435946277e-08,3.234622734936321e-07,2.249128492463567e-08,1.0269330511276384e-08,2.843589283720239e-07,5.886013464243104e-08,6.540722852795596e-08,1.0939654935101368e-08,3.660736609283824e-08,1.6242879382662432e-07,6.862781821369209e-08,1.7363426116250163e-07,1.903917340934541e-07,3.341897963867808e-08,2.085436060639241e-07,1.026995732059723e-08,3.3050811192004375e-08,5.179210107252681e-09,1.5939950709212186e-08,6.233587340573095e-08,1.1284468666342635e-07,3.9643653650297574e-08,2.972678953824925e-05,1.819955130963396e-08,1.2839026398936535e-08,1.2279491337234116e-07,1.3804563630871608e-08,4.8099079480808344e-09,1.1142454374042549e-07,8.852716251832102e-09,2.1399204053435647e-08,1.661797723310419e-08,3.911024203058485e-09,2.4281798058742993e-08,2.765968788045499e-08,1.505617071859887e-07,1.2275035856288832e-08,2.3179047534617587e-08,1.1818123525053052e-08,1.1684716503093372e-08,5.416147197226885e-07,4.3683775993868174e-08,4.039349143835725e-08,1.1841589724652584e-08,7.952251100900866e-09,1.2340390380537463e-08,7.200698667057178e-08,4.211567594991123e-09,3.712262159560521e-08,1.1284161601018394e-08,4.463381104625647e-08,2.8856476037341745e-08,6.768560330104304e-08,4.561564273950287e-08,1.6480048550704253e-07,1.9643007122563343e-08,1.288451500268362e-07,1.6431390682095143e-08,1.416344739293487e-08,2.9773387512998476e-08,2.074588405480483e-08,2.875099372767913e-08,1.0901697999720761e-09,9.724587172830325e-09,3.777863080492908e-08,3.451876680948071e-08,2.3574902601452377e-07,5.767608574782691e-09,3.643794977047181e-08,2.4309231345744724e-08,9.493810923132817e-09,9.111707621921438e-08,4.840668418866914e-08,9.38062785539673e-09,8.26976251998003e-08,6.6868024624717956e-06,3.177204712100555e-08,4.498936989624562e-08,2.983250588764172e-08,2.8998606309547192e-08,5.313532156935295e-09,2.269537366966638e-08,1.7026084489609293e-08,2.548518696178442e-08,1.1864016286148475e-08,6.297471232585262e-09,1.821955692127397e-08,3.61608885239368e-07,6.878717390704512e-08,1.2555738527603002e-07,9.361721834795775e-08,7.773940506343682e-08,5.16719461649407e-08,1.4251416154809467e-07,1.9639410709807978e-08,1.479974322691858e-08,4.387616813961813e-08,1.2327928120228194e-07,1.27146435204287e-08,8.776053536410197e-09,3.4920334282794216e-08,1.8615227866676218e-08,1.2806546823750033e-08,3.877958229912669e-07,1.0761837542323128e-08,2.3593693694620652e-08,7.415706935401617e-09,2.4037675076040345e-07,1.7686447421147592e-07,4.575087445483666e-08,5.000580646381863e-08,7.69698311648207e-08,8.727711047787401e-09,8.374424348594784e-09,2.0765451231486056e-07,2.9150234883436623e-07,1.3971550586957782e-08,1.3143050584826386e-07,2.2457677460852853e-08,1.4635358230393258e-08,3.743205083238623e-08,1.3188898540621982e-08,3.043111315185248e-08,8.778196389173672e-09,6.264311087116375e-09,1.257529545012098e-07,3.35200990807003e-08,1.5237418074110453e-08,1.26685528671942e-08,4.5421167427673953e-08,3.434014758963077e-08,1.0856473678963894e-07,2.2248935332861312e-08,2.8313026222343275e-08,5.5727655417127675e-08,3.183610560276374e-08,4.384270604629119e-08,6.630175772012036e-09,8.615215335186654e-08,1.187158275879673e-07,3.623391552852492e-08,6.871583751225724e-08,2.3867438031326516e-08,8.101647715862042e-08,2.6903760734350454e-08,4.691164021834418e-08,1.4339150881725935e-08,1.188825989170742e-07,4.020041862837955e-08,8.585847448556333e-09,1.1808750071054182e-08,1.851607682181459e-08,4.834025334905456e-08,2.549063176662057e-08,1.3767960722399947e-08,5.091899577080333e-08,1.426843525193072e-08,2.5556060230054105e-08,4.396731429840308e-08,2.9018082125856306e-08,8.154011196871333e-09,9.485123057232532e-09,6.886909214652194e-08,1.5975013522019513e-08,1.8697783680976797e-08,1.3292746010147066e-08,2.9810663907491985e-08,3.0420899343698715e-08,1.0048599960773227e-08,2.570545784711548e-08,6.894269157235793e-08,5.602777915369028e-08,2.2449454719456657e-08,5.525349566939995e-08,4.7531140687563217e-07,2.2174372355919188e-08,1.7417616656152594e-08,1.3931528497796319e-08,1.2519813480104975e-08,1.4172527218473096e-08,1.1172077224210852e-07,9.299961140522468e-09,2.3289660094104602e-08,4.3544022103435855e-08,2.9567943177194224e-09,3.382736151663389e-08,3.0100453888969986e-08,2.5933963315759715e-08,5.010526420007956e-09,4.363314668036459e-08,4.5213720993305135e-08,1.9478251818103753e-08,2.5577907016488832e-08,1.2836283979930667e-08,2.3428668382190147e-08,1.6801554356550976e-08,6.711994004969861e-08,9.846426627048251e-09,1.937450401368927e-08,6.060266293873874e-08,1.3607143858049137e-08,6.3221188381010285e-09,7.747178349778832e-08,1.5690430326924706e-08,1.1318996151885919e-08,1.1549290323685347e-08,1.1659781898194494e-08,5.5304104919064e-08,7.723807584970225e-08,1.5110997943947054e-08,2.3408657318960237e-08,8.176687170325892e-09,2.956333407817886e-08,3.461793131703717e-08,1.261723747567335e-08,1.2814280980154547e-06,6.172988332363917e-07,1.4135380022651963e-08,2.173420256609202e-08,5.324877615503647e-08,8.507600400580639e-09,1.995782030084637e-08,9.818520760357891e-09,9.28521460524465e-09,3.5229679107888405e-08,1.8768673499494e-08,2.3745383945470294e-08,5.56019476058112e-08,2.209945789042796e-09,4.36731123112667e-08,3.459469709816605e-08,4.31353349262049e-08,7.924875101710798e-09,4.096203736124067e-08,6.2980478096894555e-09,1.164449131585191e-08,5.007010743962547e-09,1.2925121482307183e-08,1.360216168545891e-08,6.660370600454294e-08,1.0396091305008822e-08,9.141539669088154e-09,1.2130506384767728e-07,1.7664390007074353e-08,2.9440888966865358e-08,2.9506549996904316e-08,6.858198459564448e-09,1.3196145409200387e-08,4.517938817491553e-09,3.0097698236256215e-08,1.081150844856811e-07,3.828829143654114e-09,3.300757763498518e-09,4.8424414492184525e-08,1.2681704549854898e-08,2.675637912900871e-08,1.566555070852158e-08,5.5520559065673574e-08,3.899927033344534e-08,2.297832171506707e-08,9.522537379583348e-09,9.797269531021197e-09,2.255727397739077e-08,5.893222408760865e-09,1.1927182467423781e-08,5.7549304943015934e-08,9.421942029378277e-09,2.0867161967508077e-08,4.626475031765431e-08,2.5965640315995954e-08,3.0347646280054643e-08,1.189842265829181e-07,2.7398412540229342e-08,4.859778631143892e-09,2.8622208607321607e-07,3.7355592544414243e-08,1.6765189032938725e-08,1.4638038289881645e-08,4.699203537323274e-09,2.9850818445291453e-09,5.078880118218359e-09,4.556570605117235e-09,6.715909177710668e-09,8.245597414384038e-09,7.3369201557304475e-09,5.581123524067452e-09,5.614606748417333e-09,6.646179671731856e-09,1.0250856836861427e-08,7.785362196581611e-09,1.2604152649206816e-08,1.7829575267871908e-08,4.278804087712124e-09,4.578454702860702e-09,5.6077571619202715e-09,7.558969195452085e-09,3.662648396152874e-09,6.676265709398755e-09,6.194731585600687e-09,5.1604354419072895e-09,7.180533953678584e-09,4.676028724503555e-09,1.3026892009626639e-08
8,are,O-V-v.stative,6,3.3478984599207415e-06,1.137606035258381e-06,0.0005487634862439447,7.1870396601753225e-06,1.069791407239649e-06,8.388921154572338e-06,0.9268831859319333,3.97246637466117e-07,0.026061977384140452,7.455798138194444e-06,1.6665043005414043e-05,0.00023608506820912148,3.2057203634220345e-06,3.001586340434613e-06,5.929986405371602e-07,7.819598797820594e-07,0.00012542593085491656,1.0552004752485288e-06,1.1610033820981383e-07,1.767991318862981e-06,1.531091507874152e-05,2.069200227912411e-06,5.4278774026653276e-06,2.0363122284304496e-06,4.959849135430939e-08,1.8771413477633922e-06,1.4945337255065245e-06,1.193843198978845e-07,1.008420209816477e-07,1.1038549370074737e-07,1.7628192367874632e-06,1.3951007189787104e-06,4.035379711334317e-06,0.0021305668934756762,8.765050647064528e-08,8.122663770722269e-07,5.964086612162312e-06,5.200874851607196e-07,5.421273540272011e-07,1.1605151269205158e-09,6.855432829625889e-07,0.00030927852534329357,2.005911519510191e-07,1.787582602390398e-07,1.7139097420244756e-06,4.284263584278298e-07,2.2368001375513844e-07,2.4297284177139205e-07,9.352900333007065e-09,4.1678124475714953e-07,7.499662278882812e-08,3.05640030592999e-06,1.6245358038466727e-07,2.0649175120250656e-07,1.595352435295393e-07,1.0024642728994718e-06,4.677996036417454e-07,1.2180173637662034e-06,4.3234034018318986e-07,1.0405261621216813e-07,5.11276479803779e-08,4.125825335420202e-09,0.0003261054394739534,3.432431804255146e-07,5.8066198203521406e-08,1.3895907025020633e-09,6.559090818529938e-07,1.434956216019096e-06,5.372850518045161e-07,9.544585868131923e-07,2.481888402956795e-07,5.215303790511768e-05,6.301082117815257e-07,9.51372887152294e-06,2.941474777697054e-07,1.1548976052213393e-09,2.832676067274489e-07,1.982662950899571e-07,3.454311838076795e-09,6.28113603328341e-08,2.187186281143022e-07,3.9650782203571534e-07,3.652825378189724e-09,3.1709843243546384e-06,6.40502034097473e-08,4.43798208121492e-08,0.0005757840780574392,4.408256712263906e-06,0.030953142145699285,6.1549705664602664e-09,5.674514762209038e-07,2.063286559519699e-08,6.211559211111823e-08,5.166406225318093e-08,1.8813340927952758e-07,2.2802210927532377e-07,3.843659334818108e-06,4.898342783497416e-09,6.301659025521001e-07,1.868409402910705e-08,1.8175009666114814e-06,3.580619522809815e-07,1.311260275829481e-07,7.592441919176796e-07,9.435979387880367e-07,1.7504892557732702e-06,1.0123395070771036e-08,1.2482426125749218e-08,8.226719124602017e-08,1.1472984123717341e-06,9.049080640146094e-08,2.7224957645391677e-07,2.6125942099375482e-05,3.2838782404040046e-09,2.4272086446837397e-07,1.946874327456887e-08,7.914913202980908e-07,3.005822825841083e-08,4.761389315279445e-07,7.62011507821168e-09,1.9675939896439747e-07,5.82559237768385e-07,7.111790910361403e-07,8.278122394584644e-09,1.520675836089297e-08,7.076957431526063e-08,8.727653342365842e-07,7.135027985450259e-06,2.94749529859625e-07,6.706261108236629e-08,6.307431008470794e-07,2.43872514617073e-08,1.8104824226379712e-08,7.65570210593962e-06,1.2467454911498797e-05,1.9417121749456433e-08,1.7382570093210476e-08,1.3802366123961408e-06,5.217584230689114e-08,1.2806546823750033e-08,1.0543740079524098e-09,6.999610047620581e-07,1.4392637119626432e-08,2.0090972557849272e-07,5.4474948454252864e-08,3.176515559228358e-07,1.818900165010539e-08,3.008035106853191e-09,6.892188299008338e-09,9.861096407449936e-07,2.946955645496187e-07,8.841077614351997e-08,4.987778191503333e-08,1.7972645543549597e-07,1.8355731376672014e-08,7.976016942303458e-07,1.796332377437384e-07,1.4536096613518607e-08,3.7965739537153737e-07,6.658157144572699e-09,3.791029170066139e-08,4.178510243013382e-07,4.302621315089282e-08,9.632076441974173e-07,7.041626576057616e-08,2.330088071468515e-06,7.986029346722906e-08,5.94176105337862e-07,5.706816427206791e-07,2.249128492463567e-08,1.2254116437633761e-09,1.1846610914943312e-07,1.0245506213111193e-07,1.1957796742859546e-08,5.161503820820175e-07,2.283021360116182e-09,1.773948050117499e-08,3.661730093436022e-07,3.0291104355880206e-07,5.921145134349359e-08,5.687691142544461e-07,2.6758828860818054e-08,8.323919591240776e-07,1.2417077237423839e-08,1.758735404500445e-06,3.024501903063358e-08,5.397190270390624e-08,2.2826654790378165e-08,3.165590719772815e-08,2.1634349937468973e-09,2.39748291457461e-09,1.802042684632117e-07,8.938169000130253e-07,2.0922638507204863e-08,1.8963851905670427e-08,9.25067810266495e-08,0.0048681430202776425,4.139558713516619e-08,7.630794546588843e-08,1.515065893702141e-07,2.077672379671692e-05,2.2656470954320306e-06,6.492199622960094e-08,2.294523522299803e-06,1.417161537265425e-07,3.508686135570255e-07,0.0005015798189870371,6.333877941383587e-08,9.295674199928359e-08,2.5229048819248535e-08,1.0290629485534156e-07,4.0779934271108006e-08,1.1874442192659428e-06,9.399540982903643e-09,5.823834072118397e-08,2.905086641033444e-08,1.1044314153502626e-08,1.4756448055811384e-08,7.826070475954739e-08,1.9712732530231894e-09,4.1930864748917187e-08,4.075367331515145e-07,3.359577202204196e-07,6.872655071862903e-09,1.7702647261942511e-07,1.2354291565066495e-07,9.602496926501798e-09,9.448432405776292e-09,1.983523331438614e-09,1.0469923012324021e-07,2.0834004960760547e-07,4.162995732753495e-08,6.020593550765095e-06,1.0470881606284775e-07,5.4241047517668594e-08,4.469651237380924e-08,2.6729535240983664e-09,3.3635892224883253e-08,2.0353181780579903e-06,9.169759880732553e-09,3.054089539724269e-08,3.956496195767568e-07,4.085217947009575e-08,4.1123749166622716e-09,3.3937077779700205e-09,1.4833655946152738e-08,6.262570075579927e-08,4.594270696252222e-09,5.5814641792096586e-09,1.3081071054423244e-08,5.801306133915619e-08,6.394495024534516e-09,5.267839566835142e-09,4.610141325031269e-09,3.742303697961203e-09,1.1012341180037441e-08,1.8697783680976797e-08,8.402528417806753e-07,1.4294974456286826e-07,9.893985842066893e-08,9.709167326914895e-09,5.742337232400292e-10,4.411111898570894e-08,2.8397923259589543e-09,9.638020913520289e-09,3.7095319497073005e-07,4.0257987424224043e-07,8.466935772270055e-09,1.0051633788491745e-07,3.685284531671489e-08,2.6948311493104757e-10,1.1102438431740374e-08,2.6150217862477886e-09,1.065335088252596e-08,8.729813236941192e-08,2.1048803503115335e-08,7.825857518221478e-09,9.321840383343778e-09,1.7339125611368847e-08,5.120901686611367e-09,3.2525607031266066e-09,1.2991515189041154e-07,3.142394041993584e-08,8.090556178310615e-09,5.080258471114758e-08,6.438181945187476e-10,8.317118708456531e-09,2.123137822627539e-08,1.14583639407629e-08,2.4736545031163062e-08,6.458605386000137e-08,2.9017196577780454e-08,1.2586087142199673e-08,3.2990457783652296e-09,4.6281543076216644e-07,5.227482995627565e-09,1.0081773764396334e-08,3.734862968684822e-07,6.9923972672239095e-09,3.9785456568119955e-08,4.5299500153988915e-09,3.086320399400266e-08,0.0060579472291938255,9.299109742624969e-09,2.63423638125541e-08,8.556494811563087e-07,1.5185425959630254e-08,6.691746060982434e-08,2.025980787649427e-09,1.2665073823023383e-08,4.041198634414295e-08,5.1817396359483225e-09,1.3592202812186707e-08,3.4690903543573866e-08,7.182044302023355e-08,7.886514414448361e-09,3.959179603776932e-09,5.6658814731958424e-08,1.582550892015852e-07,9.162207343393572e-09,1.177927525041264e-09,1.1612907038796742e-08,2.8902400686610194e-09,7.098177795394492e-09,8.492814277041212e-09,1.0105800712420046e-08,1.871040319399405e-09,1.3268023621236867e-08,1.685136409021812e-08,5.060005871058976e-09,6.812700931650547e-08,1.5316258247844009e-09,1.1597677927921092e-08,1.3753637059401795e-07,1.6005268296207762e-08,5.676111057304379e-09,1.922314377453407e-08,8.108600275173784e-09,1.4267564402332167e-08,7.429524667125249e-09,1.9044529310317788e-09,1.0136378932948509e-08,1.7776390377957338e-09,6.315176964884047e-09,8.119495601578978e-09,3.581177762617048e-08,3.492258116573389e-09,3.748336732884013e-07,4.58740573559968e-09,6.518206106122405e-08,2.271338861958062e-08,1.1339394783233706e-08,7.759744673050561e-09,1.491809519869563e-08,2.690458178449869e-08,1.9286081014793487e-09,1.8899783944405725e-09,2.3115471727209106e-08,2.2773078468276652e-08,1.7501745468262638e-07,3.6139182817379207e-10,9.88888687653596e-09,2.956974791630174e-09,3.260610730859695e-09,1.8645361087868662e-08,8.497999461737048e-09,6.71201619408463e-09,1.112652069920912e-08,2.6275009121678323e-09,8.501371529302736e-09,6.945608483244467e-09,1.1366418901751348e-08,6.822918557665544e-09,4.243563176385724e-09,6.3128647014211855e-09,3.895657676845755e-09,1.3372086020235675e-08,1.4475891158910568e-08,8.637620718350295e-09,1.4888078005604353e-08,5.635531073013251e-08,2.5922094406271074e-08,6.903743499154048e-08,3.390797910198477e-08,8.798848119587365e-09,1.3005442032207773e-08,4.2112966270654255e-08,2.0987867819239884e-08,2.3634049422325334e-08,1.13404704735821e-09,1.7451668681790583e-08,1.1549328504370294e-09,1.245692966188767e-08,8.198925766752971e-09,9.447855736826805e-09,1.0671282471208691e-09,1.258258914814916e-07,1.0454951055230078e-08,1.4902169460721824e-08,8.295065803129428e-09,1.8736625522290055e-08,7.668379416780443e-08,2.180196204492294e-08,3.024686509643278e-08,1.804965690906419e-08,1.519196548252157e-09,1.456007111152846e-08,3.7760063880064506e-07,2.0411096380136984e-07,7.044444032424237e-09,9.105314319195552e-08,4.924272172539304e-09,3.394318020075981e-08,9.183762504347076e-09,1.0849885303465367e-08,8.669310620688663e-09,2.9370092847305372e-09,7.348123953078116e-09,2.146591912658581e-08,7.416838568814965e-09,1.1811672466596217e-09,1.1653023120073507e-08,8.141800200033606e-08,4.056272644956922e-08,2.0790883892611188e-08,4.273439579882544e-08,1.0193146105382712e-08,1.928248620539639e-08,1.655268472416105e-08,1.4314666424654744e-08,1.0879394347350466e-08,5.116198592992464e-08,1.1696846829661834e-08,3.779131496929234e-08,2.373749258883148e-09,1.3478198500187756e-08,1.3145902002013263e-08,5.996997941965117e-09,1.6417802934308098e-07,7.938430168833296e-09,2.620045621166799e-08,1.6724363607897883e-09,1.9982873628795422e-09,5.21394050752781e-09,1.5683301308719665e-09,4.58097041404171e-09,1.0165498427015006e-08,7.638766855834973e-10,7.85265181961775e-09,3.865105513769163e-09,3.853916143898451e-09,2.557252810932807e-09,1.2601844971208465e-08,3.8091329045656405e-09,4.133513010798965e-09,2.6137365910993674e-08,1.5402453628809612e-08,2.7732468079835415e-09,1.2227180026744101e-08,2.6971170128047253e-08,2.294048579215104e-08,2.2540833102616304e-09,6.558155098242197e-10,2.8294023612333765e-08,1.0256768447815096e-07,2.3157206038694555e-09,4.941266436069446e-08,4.903694798618306e-07,4.151957516997574e-08,5.958869769956679e-09,7.553204359018126e-09,2.285530940595354e-09,1.9878798790693428e-08,5.408237074893658e-08,3.6774324745941713e-09,5.580423827887604e-08,1.4564515170680098e-08,1.179042424684086e-09,9.903080942820621e-09,1.524020838414217e-08,2.5301609739692066e-09,1.1010996982153233e-08,3.650027489845248e-08,8.638411552346509e-09,1.5662204543269982e-08,4.305131076819459e-09,1.1174842057785855e-08,7.2876036349384066e-09,1.036125082816503e-08,2.024737910840569e-08,8.383629821761474e-09,2.6281424701947196e-09,5.385362032310125e-09,2.2401548697648026e-08,1.989882841695853e-08,2.664474668912528e-08,4.78896317890488e-09,1.0337562926037208e-08,1.8063432958913228e-08,7.407814823864897e-10,9.060440076271761e-09,2.243164910669026e-08,2.5341709318418293e-08,2.8047291221148646e-08,1.0533735121234631e-08,1.2811237580119216e-08,1.1275899860129978e-08,6.881469664756152e-09,9.727852200160243e-09,6.041062541090975e-08,4.98292616489915e-09,4.378535567988969e-09,1.2560762259700994e-08,2.7001641835665663e-08,5.35553357200484e-09,3.3649350430550985e-09,1.8608473532089035e-09,2.528763136888912e-08,7.424764839412835e-09,1.3084265065164165e-08,1.3515680821958763e-08,8.811506722731377e-10,5.358149217165071e-09,4.254311508172393e-08,1.2398523096344595e-08,1.100259946194438e-08,6.9696016654424795e-09,1.6601304905436186e-09,5.180949025547825e-09,2.419607150326684e-09,2.975622726563157e-09,3.5838135039844733e-09,9.074275763772865e-09,3.1189968959399795e-09,6.247129249311066e-09,1.3758720198756185e-08,3.1244271187045493e-09,6.145023368943518e-09,3.3107452253212357e-09,2.2178506295976017e-09,1.1939928878826676e-08,4.220574090558786e-09,7.181191381290505e-09,2.1247582663084495e-08,1.1114340193509956e-09,9.667215680473253e-10,2.3048553097958153e-08,1.1269400860619093e-09,4.80976116357902e-09,4.156027882788675e-09,1.415264566118415e-08,1.9451585173360156e-09,4.502248200382312e-09,2.4245595284761885e-09,2.107008166647711e-09,9.279235227980959e-08,1.8937248964482194e-08,7.81318413016607e-08,5.204561060712923e-09,4.799936799272396e-09,2.889005488635211e-09,5.6627699662259025e-08,3.974190234361685e-09,8.122965365526738e-09,9.068708975098101e-08,1.949437246311916e-09,4.304080147720121e-09,9.330632589898737e-08,1.1618224222677925e-08,1.4326076364920707e-09,3.377280394439055e-09,1.7417142699756052e-09,9.623651174841414e-10,1.1036601307575745e-09,1.6803661003601694e-09,2.0352141403355655e-09,2.0637971757497993e-09,2.4624401761925278e-09,1.9484856050097e-09,1.2842987614138598e-09,1.5922986733965757e-09,2.7273369349442153e-09,1.0656962972635006e-09,2.765133951345884e-09,2.2773848745675617e-09,2.0443647918445274e-09,1.7559640708500138e-09,9.271936777459847e-10,2.0192527290747935e-09,4.961395795746364e-10,1.7395894510737779e-09,1.420461617312265e-09,1.0592116130783686e-09,2.4142227899796846e-09,1.7382627558077472e-09,5.303164292604646e-09
9,on,B-PP-p.Manner|p.Locus,92,0.00010134079790783784,2.8534899372417285e-06,0.019560068023083643,0.004676792242793144,4.4063591371467286e-05,0.00031597578700874704,0.0004482705841522378,1.4948937044942033e-05,4.5731029383492535e-06,6.70844620108527e-05,0.00010260423516622911,0.0008110693608431626,0.00022465606137282346,0.00021750503153284835,1.643830374284719e-06,2.75616712659919e-05,8.075155809276257e-05,2.052652256025631e-05,9.401137930710012e-05,0.01774129418975308,5.807290282921846e-06,6.443403824628987e-06,9.081665748599415e-06,2.2860738846241298e-07,1.4776178234480552e-06,1.5539691936778827e-05,7.039431426783179e-06,4.734278814909272e-06,1.1347590504193012e-05,1.1807912236774659e-05,0.001494062881924596,0.0004924791912029195,7.495265423169749e-06,5.7828656205287864e-05,1.2307963967210709e-06,2.041345315164139e-05,0.015905620149775878,1.8606523907724022e-05,0.0008671813346808813,1.2953157326371228e-08,5.10135361536979e-06,3.897627723064675e-05,3.859867994212737e-05,6.589744496049408e-05,1.722719441092019e-06,1.7369728534842785e-06,1.1004877359882335e-06,6.3162707712965165e-06,4.342960299552317e-06,0.0001738234023564221,9.076678410546348e-06,9.635834809349031e-05,2.6633101117500827e-05,2.540193589062296e-06,6.332289905434548e-06,4.6524807065515096e-05,3.4640952101549725e-06,6.270922743539015e-05,2.9935263576293414e-05,1.0122058992616506e-05,0.0009123273291430059,5.7600068764571e-07,0.0009149482365127304,1.1014584681822809e-05,8.120707786646177e-08,7.256043186515278e-07,9.363374265532752e-06,0.0016941320794772309,2.4124312820067036e-06,3.2458848673246664e-06,1.1097247242619765e-05,0.0003857382364326227,1.2815063125665348e-06,0.00033585187882409284,1.7000474762206873e-05,6.924775555232974e-05,1.1595477857198602e-06,1.10422190554692e-06,5.207562501535401e-08,2.5319896864993883e-06,2.3042698166002828e-05,4.0094652842164334e-05,2.724897258168193e-06,0.00014438639142944212,1.2203201094347173e-05,1.0608185545644819e-06,0.00015162072010079007,0.0003141777159448307,0.008452052672712882,1.4639233316091162e-05,0.00043679199210399787,2.447365536678175e-07,0.48464688916117044,7.4314918239468715e-06,1.0052487620228036e-05,2.8460107383777332e-06,0.00010110911247311497,1.2136390808318207e-06,6.573719339419658e-07,3.3198399827372024e-08,0.003019748325155046,5.830909032677322e-06,4.640443178897409e-06,7.949988404197355e-06,0.0007373160707230121,8.401703628257847e-05,9.789732930548757e-07,1.096799665505041e-06,3.1086082212595866e-06,7.691740914198179e-05,1.2179761668979298e-05,1.707696809710018e-06,0.00015936821541694148,3.183027677138591e-08,3.93422173684337e-07,4.353694653333351e-05,0.0020343665203074995,2.2935509876808523e-07,0.0025817455197162903,8.241742004074523e-06,5.197384225217164e-07,8.167600921001994e-05,0.0002296259590396235,9.225213723786485e-05,4.3962853144286225e-05,8.123132699720371e-06,5.471116592909998e-06,1.2252458643175299e-05,7.256240638424649e-06,3.8810364441909716e-07,0.0001536422378480517,2.4924223148712572e-05,2.4201000875570965e-06,0.0034380474774626663,0.008798136581426455,1.8160654333576159e-07,6.719577136064469e-08,6.2941425357947814e-06,8.741247607633885e-07,6.990857467461833e-07,1.938988295058187e-08,4.957697732619045e-06,2.083012162765857e-06,1.601781396853339e-05,2.031712094927787e-05,5.536603773591136e-05,3.5402002645158797e-07,3.236191827733821e-06,2.8596016184472267e-07,2.8351747501438093e-06,3.5084719888990424e-07,7.036424499598552e-06,1.659607476727807e-06,1.8970093587163615e-06,7.349172386449503e-06,0.39980491455679834,5.010323822305104e-06,5.536302461061105e-07,6.300676712675105e-06,2.02831149930916e-06,6.697217881474356e-06,3.3347444708961534e-06,1.8870842383740332e-07,3.3065725492408463e-06,1.273354444186634e-05,1.017595067632512e-05,5.222948993820724e-05,9.229719322585242e-05,7.560995621764046e-07,1.8804668668604981e-06,1.0023080071401167e-05,1.2280909191264747e-05,6.96421724022509e-06,1.0247035796997537e-06,1.7834840372119107e-05,5.803766062245386e-07,1.0938581102010842e-06,7.600505601638333e-05,0.0003118183972825257,3.4906367741546005e-07,0.004403910198730619,1.8849546390143717e-07,1.3490410015948652e-05,2.0675658927507564e-07,1.8258398975090568e-06,6.564898247394535e-07,2.055354423852076e-06,3.7130307192402274e-06,3.28084059751567e-06,2.1448168133942993e-07,8.593654806598993e-07,2.4497486108601225e-06,1.4056089580510221e-05,1.3617023645561546e-06,6.29281890879376e-07,1.0092139927317928e-05,3.1160063751745744e-05,6.213434576892474e-07,1.2769735289995438e-05,5.498567527364881e-06,3.517251101399623e-06,1.6774234594347077e-05,1.8132904559849573e-06,5.801602689774435e-05,4.1573820362668745e-06,1.0139405742734709e-06,4.888289002766187e-06,0.0002047015446240829,4.806632052830819e-06,6.603858587380134e-06,1.5982169470472564e-05,2.550516343445971e-05,0.000570710815286436,3.857041977503724e-05,1.4018391935116244e-05,5.7686075408098964e-06,6.277091185255194e-07,3.499798453710006e-06,4.3666160120045e-06,1.8756587082069775e-07,1.1208543829992798e-05,5.131018918936584e-06,6.985715991154464e-06,5.029046002029434e-08,2.4815015221607326e-06,0.0013329899055473959,3.1993782396003316e-07,1.3823488638314652e-07,1.1736458913625345e-06,1.2192446226583282e-06,1.0353912315521223e-06,1.7552443573059808e-05,0.00019121085440408132,1.581816164854953e-05,9.032466718287362e-06,4.6807247579493593e-08,1.0235438045218907e-05,1.3199683063023578e-06,0.00010584509130276786,1.0909910307597262e-06,6.934337668182757e-07,8.887306042573687e-07,2.608866833004058e-07,1.8426388066874795e-07,2.682724642359745e-05,6.60063483416744e-06,7.360595185022979e-05,2.578245081721002e-08,9.263390702843663e-08,6.378276354931667e-07,5.146718477930823e-07,6.876385905917177e-07,7.74339647123556e-08,6.188036602573225e-05,3.236378656123409e-05,1.340063811015142e-07,1.0849813566763513e-06,9.200472217007448e-05,2.1231885785610265e-06,3.228803916738308e-07,2.3782938496126926e-06,1.182963119100223e-07,9.535560531000299e-07,8.438275068255e-08,2.826363159559967e-06,4.7855396822969444e-05,0.0007263060594387942,2.238917252247666e-07,1.9714943489571387e-06,0.00011670663466563262,3.553719099711541e-06,5.29520506127766e-07,2.3491594070077257e-07,6.084502307057603e-06,0.00015484254336299108,1.7308818722515945e-05,4.005211481037141e-07,1.7389940825874708e-07,3.990557590459983e-06,1.868340031376643e-06,1.7240399726930666e-07,1.0275184838516543e-05,8.273746771667389e-06,3.924269124648978e-07,7.479727411278485e-06,8.049401462163121e-08,5.839119564423887e-07,9.707653846139505e-08,1.1484231647784685e-07,8.307424275736656e-07,1.5857363729326245e-06,3.783504068954042e-07,3.076509965107121e-05,5.268287041215775e-07,3.551333980664045e-06,9.262512032069318e-07,0.00024280735969006467,6.63901873202137e-06,1.543016028958851e-07,5.481830931900319e-07,6.376913953628256e-07,6.30339006557695e-07,0.00011123996972239613,2.8726246789589414e-06,6.524154866488021e-07,0.00020809017001783688,2.651163836394063e-07,2.365626246408156e-06,1.2415479484877808e-06,5.052257397990962e-07,4.389730704131244e-06,1.086343348784591e-07,4.76269724952237e-07,7.57713986631336e-06,2.5744540985808353e-06,4.3806450829457496e-07,2.2675147004363578e-06,0.00036614702926123795,6.598642601925291e-07,1.6236436647328388e-07,5.225693907612355e-07,1.0503526074301699e-07,1.0006576146977737e-05,1.9802376381896334e-06,2.4428138268541107e-07,1.0831948349501098e-06,8.664256673750794e-08,2.5527914528606215e-07,3.0090251587240187e-07,1.9499003489081483e-07,1.8191657003820694e-06,2.136520165510777e-07,1.092490308176872e-06,2.367712948041782e-05,3.4898796361743046e-06,4.573661212527692e-06,1.0330241190708433e-06,3.932635226700146e-05,1.9654270158418835e-06,7.090336906693243e-07,7.038833516078416e-08,2.1912471905413875e-05,9.250365217989761e-07,6.502091999978839e-07,4.218214461627417e-06,5.05997241557789e-07,7.697427470536737e-07,1.724133803340814e-05,1.2536977192746106e-07,1.3520909845359114e-05,1.407459340302501e-06,1.1508088416633807e-07,7.97553013971932e-07,6.381196766514302e-07,1.3983828560682644e-06,2.5390310468227963e-06,1.4121920270569894e-06,1.7322086606742871e-06,5.777788193282367e-07,1.4252673852882086e-06,1.0203382859228558e-07,1.3099803732705053e-07,1.0751261980222844e-06,2.356555162036037e-07,7.902577916296002e-06,1.3899208095948904e-07,7.885740276671862e-07,1.0842236551186741e-07,8.96007660306522e-09,4.495201785261944e-06,3.3028410386700174e-06,8.316302302697854e-07,3.4589304420583564e-07,1.9194942030280177e-07,2.1001894096299847e-07,4.5394688255329185e-07,2.736313652285579e-06,1.9334148072120386e-05,2.791389807518073e-06,6.466078192186703e-07,7.858113608299649e-07,2.5394959998592184e-06,1.2761206923728157e-06,7.084906050045101e-06,3.402915336706558e-07,5.234312685508454e-07,1.0419208470127667e-06,9.221615515331113e-07,6.599224937041477e-06,7.313869966282619e-08,3.7964455426091654e-06,3.7517700090458415e-07,2.7110453226504686e-06,2.58745875240412e-07,5.154735049339463e-07,2.3446472346545795e-07,6.913629968340838e-07,1.8296388546226482e-07,2.4077975795418714e-06,5.360094069466813e-08,9.925404725039186e-07,0.0006254274666877035,6.447337766642869e-06,2.127988795113066e-06,1.3123368278136522e-06,1.3403501101084113e-07,7.263995280283141e-06,2.196811827523855e-06,4.152690376010134e-06,1.048911157622722e-07,1.2335790460322946e-06,1.0490642847812654e-05,3.020074723708438e-08,1.7972645543549597e-07,1.0231724226956842e-06,1.7532216283025287e-07,4.5501484551800617e-07,5.094697409434255e-08,1.3693283613193137e-06,7.433533224468641e-06,1.297527010148598e-07,9.609794076737388e-08,4.825166117410051e-07,3.0120570144204374e-07,1.6183451465245727e-06,1.8029108826716125e-05,5.740878529391155e-07,1.12913582617489e-07,1.6957523806940888e-06,2.498607534279438e-07,8.758337040334082e-07,1.5251688915281064e-05,9.878264731748385e-07,5.408549297492624e-07,5.066307520302101e-07,8.400733635794913e-07,1.5089700107721854e-06,1.2877439270791803e-07,5.438987016655152e-06,2.3261880664891515e-07,5.7000094535398886e-06,1.827406771387851e-07,3.445971123586767e-07,1.563874969074009e-07,8.233249263085099e-08,3.3676865402510146e-07,8.028521878551099e-07,3.2386724949124917e-07,2.4865888041857755e-07,1.1851311735719954e-07,2.3577780572833953e-07,4.2773396817792576e-07,2.1343625457242435e-06,3.2394739922770973e-08,4.166159285475722e-07,1.37544310697694e-06,4.982284992841152e-07,4.989131820326387e-07,4.17022978762933e-07,3.869079647131129e-06,1.3463310023542118e-06,8.690738273907077e-08,1.1613223049962776e-07,1.2447726972729647e-06,4.504539892782776e-06,9.806510154529969e-08,2.0229334154996e-06,0.001159430131924979,3.090551510074394e-07,2.3447187887015612e-07,2.631897386887823e-07,8.506533816858868e-08,1.077096616308118e-06,6.6179810303316515e-06,1.3894118985822352e-07,2.3287450973888735e-07,1.1048286393849466e-06,1.379815461875381e-06,3.780849342981574e-07,5.0440756468651e-06,5.018450826228917e-07,2.161235903688972e-06,5.08875903065247e-06,0.0006533255167786191,1.0465416136548915e-06,3.839217241728206e-07,5.056251022542527e-06,1.3666982096336117e-06,1.7232452535718652e-06,6.730842942414092e-07,1.7429731205950993e-06,2.4618979208468254e-07,4.756161169176882e-07,2.9384242932232485e-07,4.0741238178606455e-07,4.080469706926381e-07,1.9524012132143459e-07,2.9956480706935033e-07,6.40988765788697e-07,4.445693981004029e-07,1.4600862850592585e-05,3.6534701357501646e-07,1.309691901750653e-05,1.2639120717793029e-06,1.3888138133030986e-06,5.841080047128363e-07,9.208960245267611e-07,8.237521771344757e-08,1.3969372678955606e-07,7.483380513726658e-06,2.1022413776247482e-07,4.181544148860933e-05,9.865912571655788e-07,6.40810618691522e-06,1.4020577485511007e-06,7.448772578391129e-07,6.39601408202306e-07,1.1644769690162057e-06,4.0676636606945584e-07,1.4140895546893118e-06,1.964887269315638e-06,1.7641705064449512e-07,5.6937506748020394e-06,5.664633786227988e-06,1.331864571500905e-06,4.196400956275747e-07,1.3799372316158838e-05,5.2642865931606994e-08,7.242106066130104e-07,8.086306430884065e-07,2.1217705906825573e-07,1.8677761208826798e-07,1.9326543076805318e-06,2.8389936899710477e-07,8.935743936287559e-08,0.0003001841308903482,8.330526884723094e-07,8.254102892708059e-07,5.494056876092871e-07,9.419610891136694e-08,4.803406026985264e-06,2.5224346276429927e-07,5.303938484463999e-07,1.339773143932605e-06,4.2102546853316095e-07,1.5342303712748573e-06,4.079224636388053e-07,8.144036719371882e-08,3.7768131161608716e-07,1.260022344389552e-06,4.249496413364662e-07,1.4867597223695213e-07,7.816497155292451e-07,4.945172326328076e-07,8.04053640047721e-07,6.216279512623782e-07,1.8531156099800243e-05,5.42657033862005e-07,1.436582161673114e-07,7.456985193209692e-08,1.88184466643268e-06,0.0012073470658678458,5.3177323096206876e-08,0.0006532657057790931,1.0989104090977168e-06,3.8450798940451186e-07,4.6509499126948495e-07,7.376360305013929e-06,1.431369811423223e-06,7.613813712502946e-08,8.270267281631533e-08,7.923156153473893e-08,4.0244608397081126e-08,5.900041049356319e-08,2.9270674644471215e-08,5.0325771501464846e-08,1.0973054830400074e-07,8.172169799044682e-08,6.53553512864886e-08,4.5049821004100125e-08,2.694895572198673e-08,1.0670560616173308e-07,1.0304771222689531e-07,1.1435619365776698e-07,8.937653021038314e-08,9.125343109582045e-08,4.73459908514852e-08,2.405096250223507e-08,4.7360441906176156e-08,1.4328215149975007e-08,7.941796302048028e-08,7.224470591948469e-08,4.237854846535978e-08,6.864038549304907e-08,1.1030804083383609e-07,1.9758978389483561e-07
10,a,I_,2,0.00015198670177056468,2.2440327590566326e-05,0.34824811194392175,0.00011128750671920388,0.5103293514134216,1.931232923196651e-05,2.1857705781492316e-05,1.978600103661564e-05,4.8078056902447985e-06,5.454261035964616e-05,1.0933872488000535e-05,4.5152602142485366e-05,0.0001748875805190752,5.10242663041836e-05,3.199845306515747e-05,8.140974090318684e-05,2.286268074193236e-05,1.606235885761692e-05,5.756297618715621e-06,9.23394531997297e-05,1.3393599122216892e-05,2.2416445637057638e-06,3.846110692143036e-05,1.8582813355984065e-07,5.7538387883438e-06,0.003870104085000611,6.548868562951894e-06,1.3726709944790558e-05,2.3153366627580424e-05,1.2000083812470473e-05,3.085452432218779e-06,5.0113776902125057e-05,1.7825649007005113e-06,3.163531265340721e-05,3.1944895378727443e-06,2.6759380096339625e-05,0.00021837631419031195,1.740150506629024e-05,2.5072987603743916e-05,1.5412327749701957e-08,0.07923240791220038,3.0301074241028367e-05,1.7431327018551706e-06,3.771605075344996e-05,5.864816834325022e-06,1.5697510691458142e-06,2.1133051033625043e-07,8.948237655398925e-06,7.864831174631664e-07,0.0021511468716500486,1.1695303088514053e-05,3.096573168196093e-05,0.00013866447813989927,2.9513657054989726e-07,1.2276078553963533e-06,0.0029933238616237645,3.555225983521431e-05,1.0228880570301042e-05,1.3689895677140885e-05,1.0273617089349065e-05,2.0990221796411736e-05,5.9296440814570944e-08,0.000146124042982586,1.3965490234636867e-06,1.9289485186977517e-07,1.94573935837155e-07,9.427056748771735e-07,0.0008388609685186286,3.146979724163048e-06,8.126878892473342e-07,8.905437428744375e-05,3.4481574494464855e-05,6.330765053665493e-07,9.043775400999176e-06,9.38393968330505e-05,4.565015616300394e-06,5.871801210083374e-06,6.358431949916669e-06,1.7023430435900306e-07,2.337138472414235e-06,2.914035465063773e-06,5.6126666137745045e-06,4.175068674745277e-07,7.808365168766933e-06,1.913522178884006e-06,1.5163560460408488e-06,8.701561578397534e-06,6.113164985671229e-06,0.00018385762501767824,2.0412342212613184e-07,3.7980553497331314e-05,1.3136233754019803e-07,1.5906263310222e-05,6.648548082809174e-06,3.405304696055994e-07,1.922002016089449e-05,3.390557332092665e-05,1.226600809305364e-07,6.087142688960326e-08,9.504764134294206e-07,1.967160704657248e-05,0.04081398573245836,3.558590978476482e-05,8.954277002280911e-07,3.596377402962076e-06,2.1402981211435928e-06,6.922919642587136e-07,5.135578908399382e-07,4.8029504041330474e-05,0.00011269214585460845,2.699743277587235e-07,3.863298298731093e-06,5.769820905568994e-05,5.455462386426212e-07,4.821927652215967e-07,9.231721732918872e-06,5.19784289823967e-06,7.835364594246576e-07,1.836787714171939e-05,9.504184027233792e-07,9.866514757548216e-07,1.4099911446137902e-05,8.41556062386475e-05,1.063801111951567e-06,5.662405629432811e-07,6.461541216567288e-07,9.657683866305652e-07,3.595280043130796e-06,2.33942194900103e-06,3.967499050748036e-07,2.5197251552659155e-05,2.6615313995371404e-06,2.8928682470884237e-07,0.00014161099126168837,1.1313358444874866e-05,1.3716331979118125e-07,3.6504730770374985e-08,9.987965510245774e-06,9.90120233586325e-07,7.095965016902323e-07,4.830175296771464e-07,1.2662284839944465e-06,3.875946871517775e-07,8.612266807469294e-06,1.7272409666772683e-05,1.2377985025030135e-05,1.2551524356931366e-07,1.2418931021986827e-07,1.9572931011305077e-07,4.77039104953056e-06,6.917405913805026e-06,1.6209153600101532e-06,2.2595707567531768e-06,4.6931377015130405e-06,1.2783856773145096e-07,3.419653514872858e-05,0.000684345028532332,4.571025128281478e-07,9.496614461829759e-06,2.2381583896258686e-06,1.6821965366364996e-06,8.932413108988197e-06,7.557765905910657e-07,6.714385869429962e-05,4.009111477147511e-06,1.1946410492235315e-06,3.841431296520006e-06,0.0016860344669804954,1.03088602303399e-07,3.927024552920008e-07,1.0630222460105687e-06,2.9360839981691312e-06,5.83215478228661e-06,6.823059110717746e-06,7.99012073529406e-06,8.22119766836647e-08,6.97530068762084e-07,0.0026881157515336704,0.0008753974733158174,5.203097379821068e-07,3.025764377138393e-05,1.14314322836123e-07,1.141845626562034e-05,5.324192443252174e-06,5.392891702030345e-07,5.801463999427654e-07,3.879260253266454e-07,2.045967259876794e-06,2.3023092882002e-06,1.8217272765705406e-07,5.688211890058407e-07,1.774851008613862e-05,1.0090941411265832e-06,2.908359158694921e-07,3.4073837635145134e-07,0.0008953095223459801,5.65651467785108e-06,6.09623182240378e-07,5.67380335772489e-06,7.725170908649898e-06,1.2987111821624345e-06,7.0710818475084915e-06,2.1173074516925995e-07,2.70014633076282e-06,7.776499188030765e-06,2.1421931443154716e-06,3.6574740723793684e-06,3.966141187889757e-05,4.457634410025719e-06,9.220520380473593e-08,9.073108142203978e-07,2.628116405316257e-06,0.0002590356342180634,2.2630902829137894e-06,1.5977292843570404e-05,3.30900618159035e-07,7.783885319267106e-07,3.457324572600216e-05,3.7482099533000567e-06,1.1916955740157349e-07,8.237467306930913e-06,1.9082092008442573e-05,3.70532119534801e-05,1.70068141068777e-07,7.148540879209571e-06,6.463316175609621e-07,1.2520876970310319e-06,1.6463962609033558e-07,3.1217378201987386e-07,1.7930949966045624e-06,7.157296114802257e-07,2.6400046791965862e-05,3.6137602083734036e-06,7.207270295836315e-07,8.775966498979236e-06,2.8679135997882383e-08,2.2091894427230188e-07,2.7728807969317786e-06,7.533102267492883e-06,4.72215814429193e-06,6.529732088358379e-07,7.348075369138059e-07,5.473806784616997e-07,9.805911630916097e-08,1.898978712702705e-06,7.071921690368987e-05,4.277586616611e-06,1.2304665303479435e-08,4.529090687310531e-07,3.2062095548516176e-06,7.818167117595522e-07,1.6921393233120125e-07,1.1241503835590004e-07,3.183103770899131e-06,7.667677387813439e-08,4.173157917349423e-07,1.915041079022604e-06,3.85223171968485e-06,3.0173831601538995e-06,1.9397384618682373e-05,2.414059480753996e-07,3.413535695736151e-08,5.118836637152619e-07,2.5222890135324708e-08,5.590803382880641e-07,8.367954615630378e-06,1.0615922963749386e-05,8.919639786237328e-07,1.6087377721058828e-05,9.44949213201359e-06,4.1298291241438637e-07,4.10294607314378e-07,3.3146660563927346e-07,2.1220225965171128e-06,1.1174049199465716e-05,3.1292627172122665e-06,2.841315126515061e-05,3.1331909239959366e-07,1.5853008972360285e-06,9.22358567536291e-07,8.080412724421513e-08,2.9282095852482443e-06,2.729807956421298e-06,1.4394298968475951e-06,3.4937158393577715e-06,9.056816313422657e-08,9.290538622304375e-07,2.694631042096206e-06,5.930891318526271e-07,8.998410327454005e-08,3.2402542641093417e-07,1.6455925527128748e-07,2.034083021891029e-07,1.1964327608494478e-07,2.707490070751041e-06,3.5244617551694956e-07,6.395017060957677e-06,2.54693841863292e-05,1.8401100641163592e-07,8.032933288856023e-07,2.427949483015346e-07,4.3022131937302766e-07,3.9610608894024375e-05,9.431660927800515e-07,1.183248052025327e-06,9.367120686640508e-07,4.804154906456396e-07,8.972878169795294e-07,2.2750774777789106e-07,2.2768138864487378e-07,9.22583780224108e-07,1.8864446266638423e-06,1.5103571397312722e-07,6.129063346712432e-07,6.690090416626198e-07,2.1325465785328928e-07,7.956567995740656e-07,8.243502818181532e-06,6.45247681331078e-07,4.911332834327441e-07,9.299930395974313e-08,4.4168896039176435e-07,2.4953987753845976e-06,5.590803382880641e-07,5.672610184980539e-07,1.3965490234636867e-06,9.960332269706555e-08,5.38039826833417e-07,2.695380156864447e-07,7.100104163746513e-08,4.6362119972307515e-07,5.256563503435065e-07,3.2626686672083244e-06,5.800028625006534e-06,2.3706128243978435e-06,5.379577347344577e-07,1.9140541432610078e-07,1.8753152962812565e-07,1.3610836689089032e-07,2.3528184771933805e-07,5.26396529641124e-08,1.0151137348775643e-05,3.727575433499334e-07,3.1454538865483717e-07,4.685568497539732e-07,5.7120624495093284e-08,1.608453865079743e-07,1.9469802858349535e-06,1.0907283138550802e-07,5.569158450296223e-06,3.9986165314695434e-07,2.928844867527976e-07,6.295123829923771e-07,2.936900237516731e-07,5.852499554828235e-07,5.651874457466441e-07,3.037070812906091e-07,4.128303364724049e-06,6.81205471889811e-07,7.363564608386204e-07,2.7289930556621622e-08,4.626600927698683e-07,3.083579990042118e-07,2.433067434116227e-07,5.326305121269184e-06,1.4455536247076908e-07,3.982541223257544e-07,9.631814340428835e-08,1.2229751882992362e-07,3.9314482616744955e-06,2.17758851227671e-06,2.5049361457945322e-06,3.5038709954746954e-07,1.6122871426673921e-07,4.015614462954682e-07,5.528198579911822e-07,6.166962965997866e-07,1.315103143900383e-06,1.3365062029931466e-06,1.4837179785965114e-06,1.9577047967529496e-06,1.633179728925576e-06,1.1630563555911673e-06,2.0711587105405723e-06,3.1871968291465037e-07,1.3641192482954612e-07,7.032583586472386e-07,1.2523975600971498e-07,1.1584121379876381e-05,2.6918365492727854e-06,9.802288850992039e-07,2.495940158293407e-07,1.3669067671418112e-06,4.975599402515793e-07,2.5943376590045985e-07,1.0395739679147982e-07,8.599163979910751e-07,2.442366575231634e-07,2.0327111039848903e-06,9.409555032605867e-08,2.561140913874869e-07,1.4179308461378118e-05,1.3354054093918775e-06,9.048222297564176e-07,3.0288331249393865e-07,1.4336525545146336e-08,2.5238893013753446e-06,5.1595969106700705e-06,3.960469618421317e-06,6.70278281017907e-08,7.366486524008298e-07,1.1413268238211597e-06,9.619476783719246e-08,1.27344058561354e-07,7.699071994093905e-07,6.800630501500808e-07,3.0740901799409545e-07,8.519523665322837e-08,5.680752396129067e-07,2.523281534339474e-07,2.973515196751918e-07,1.3725962911072487e-07,4.48521342440862e-07,1.6444379095011407e-07,3.8077004501817764e-06,3.402488718866768e-06,3.8358210000521184e-07,1.6446888499577658e-07,5.674861117674015e-07,1.1151602391096084e-06,3.0826390996853874e-07,1.8180557085314836e-06,5.905245432472564e-07,3.1993782396003316e-07,2.8272351752694394e-07,7.706359108482351e-07,1.975288404695788e-06,3.1781639593350556e-07,1.8546997595165985e-05,1.189842265829181e-07,2.489389893028907e-06,9.077569461912005e-08,1.7943599514297334e-07,1.1432478910405728e-07,1.4538710432618607e-07,1.8317618589488688e-07,6.584360484418286e-07,8.57822389246014e-08,4.357445251621973e-07,1.4329042331274704e-07,4.805914562711603e-07,1.7203084565370634e-07,6.761724925538354e-07,1.0941622057347251e-07,1.5813439619695735e-07,3.718372530088372e-07,2.792251032925425e-07,6.373800986175504e-07,2.0852382484366656e-06,1.3910194911213178e-06,2.4669368584561255e-07,2.1700330101208942e-07,1.7795813173442009e-07,3.122214195931467e-07,1.1134222767471349e-05,1.093728206482623e-07,4.46975808928592e-06,6.6187889386539505e-06,2.771282613978175e-07,1.7932650951872887e-07,2.2111454623745213e-07,8.777363741079033e-08,7.814827549693715e-07,3.245587711292528e-06,1.1860718973972319e-07,9.205026593353865e-07,2.1458572489843624e-06,4.540161546354625e-07,1.9922459952828853e-07,1.3259030970128116e-06,5.729346058223161e-08,3.7652923188641786e-06,1.1392389041213672e-06,1.567548985118773e-06,5.129939891071353e-07,2.712212819893813e-07,4.687856931436886e-07,5.191360478657938e-07,1.6885227999359397e-06,1.926360116072601e-07,1.0996856452268964e-07,3.1861270878985007e-07,3.8437893428852674e-07,8.059233391394839e-08,2.10229858395102e-06,3.5923307196171585e-07,1.3291485138420442e-07,9.000058136451833e-08,2.396516108121746e-07,1.3835727975922356e-07,1.4514771106933812e-07,1.8772621288772123e-07,2.4540885535065467e-06,7.06097022262796e-07,6.372245072357728e-07,2.2443900367473165e-07,3.3863400391312854e-07,3.88909871532793e-07,3.914235175695691e-08,5.778474429740695e-06,3.2901761683106516e-07,5.286647351688723e-07,1.1118640172602163e-06,8.271501975877638e-07,4.1216451389870933e-07,2.917248323368996e-07,1.032964485062256e-07,6.904352759651279e-07,3.7320145810858e-07,6.137673420544031e-07,5.784315869748421e-07,6.52696445906773e-08,1.9535271519121227e-06,1.7108265604562113e-06,5.223302322213331e-07,1.5608235066888056e-07,1.5515102628600341e-06,1.288215599350477e-07,1.814625034992983e-07,4.992194377807343e-08,1.755577389007553e-07,3.940109220745702e-07,1.3928081616172163e-07,3.688085061064451e-07,9.249831216557789e-08,6.349705965475784e-06,1.1459686983147285e-06,2.269183587795029e-07,8.130351811577263e-07,1.63099360212056e-07,1.8800078245420503e-06,2.433290198289918e-07,2.803436244978348e-07,2.5545754519932042e-06,2.1066727583631852e-07,2.2359811468468413e-07,1.6701301527352577e-07,7.45630251707597e-08,3.1255508621338994e-07,3.1543937889003733e-07,6.57873660294825e-07,6.129457709714755e-08,3.980961548961264e-07,4.82428268398954e-07,8.055764219396644e-07,1.2498734375717947e-06,9.734915336531278e-07,9.021752626666342e-07,2.6275724118900153e-08,4.059726758511376e-07,1.1242801838177075e-05,7.272202055861339e-06,1.6421310530032223e-07,9.88607313845689e-06,4.144727754767857e-07,9.505085623767197e-08,6.199986204537321e-07,5.3767693777495455e-06,5.265233194797364e-07,1.0173533881446359e-07,1.1551014553607264e-07,7.650847959998225e-08,4.570482285333378e-08,4.504707146514623e-08,3.854726773846916e-08,5.5061602534163335e-08,8.1806536239119e-08,7.373033196600626e-08,7.567946108461333e-08,5.778336292287067e-08,4.329226964361735e-08,9.806809430036302e-08,7.027243428445581e-08,1.071232400960314e-07,8.630741323467426e-08,1.1101724112275194e-07,7.048721629944014e-08,3.8797466506555345e-08,6.162656239972833e-08,3.307401784186611e-08,8.942018175052194e-08,6.830395978450729e-08,3.628260214806766e-08,6.17131350491257e-08,7.262713344013802e-08,1.9132365457751767e-07
11,budget,I_,2,4.067153704462266e-06,4.415392535447759e-06,0.22459213877744233,0.0005465740175262113,1.2375045245566826e-07,7.66411753336183e-06,4.923321765875412e-06,4.980916755304994e-07,9.405535695658407e-08,0.0016155657592001626,5.3380036486264484e-05,3.435553013222973e-05,0.0129798081069636,4.930689418128244e-06,0.0006701466988654104,0.013126799630036292,1.3677785345447578e-05,0.0005126915392554906,3.3562868710269093e-06,2.1496003266017586e-07,1.9089207571976767e-07,0.00039651599015089043,7.07839919276221e-05,3.2032755256312872e-06,1.4003045619095737e-06,5.511148944057422e-05,0.00033917880057757313,0.037166093498370266,3.2855606311539663e-07,0.6955606212002315,5.1738218539253586e-08,0.00013961562713955803,6.827039068837407e-07,8.80493891208918e-06,5.407759836067066e-09,0.0002275402086776449,1.152136554249105e-05,3.489796208776248e-08,4.258208230192552e-08,4.560326650832318e-09,1.2623701516683755e-06,2.752402903017007e-07,2.6353620889192927e-08,8.532765537693443e-07,5.699873191832557e-08,1.7692385640752487e-07,1.635773502307401e-06,0.00020641409835561134,1.253770096419845e-06,4.998089983058796e-05,8.518483747879474e-08,6.471605766784012e-07,8.216099893689714e-05,5.7326690910865544e-08,4.326057304736914e-08,1.10767179859987e-08,1.9062302742921472e-05,8.910602601337874e-05,6.976980784655408e-06,7.073887703858527e-06,1.6261122879689614e-05,1.0380522692827016e-07,1.7724752447612255e-06,6.836421020854696e-07,1.1909763171202227e-09,1.1641293499964078e-08,8.829752925919923e-08,0.0003388063722364121,6.030379200054104e-08,3.101616476856543e-08,1.1716099798623816e-07,5.325347539912645e-07,8.853468242030636e-07,2.025898868302198e-06,3.773920259179516e-06,1.6120411459417488e-07,5.7832759456526186e-08,4.594816364585108e-08,8.621264514573074e-08,2.534085218855161e-07,3.2018095180327573e-06,3.7609407940452187e-07,6.3842922403009735e-06,4.441746555004003e-06,6.385872206603066e-07,1.9514545762890465e-08,6.568304992543328e-07,5.397007721813542e-07,5.203573759420005e-07,2.9540787646119622e-08,4.5990097670384693e-07,1.669014743423076e-08,3.0924486320563975e-08,1.067935651048797e-07,3.919973120198887e-08,1.7771332366156885e-06,1.80357721167394e-06,1.907354808284843e-08,1.1094986903739935e-08,7.747178349778832e-08,3.139880916032314e-06,1.3146617465992991e-06,1.080190868085316e-06,3.874527717251024e-07,5.430564286106838e-08,4.7343101169722756e-08,8.241069216265606e-09,2.891720791392105e-07,0.00025082853825163,9.41405729796198e-05,3.425443405645256e-09,2.76839032489225e-05,2.4289870365773574e-07,2.3181246371345176e-09,1.2460690601585077e-07,6.983774482828679e-05,6.085099618523849e-08,5.160541747580723e-06,3.459469709816605e-08,2.17274989970942e-07,1.7273050991978702e-07,3.228114243475527e-07,5.796312756465945e-06,3.2681711550082074e-08,9.241961236807418e-09,6.805220384804812e-08,2.2121505630191477e-06,5.5493456035181585e-08,1.0314490513448186e-06,2.618980406248139e-05,4.732096486216841e-05,2.6251592198781715e-07,2.15387571775067e-08,2.347081297700668e-07,4.156775202055256e-08,2.8078121828243206e-08,3.139135192280385e-08,1.4487333821028491e-07,4.8787831381940075e-08,5.822196232817589e-06,2.1425342078835108e-08,7.883360168329695e-08,1.3891999073254818e-07,2.3855707989257873e-07,1.2339932198401208e-06,1.7939766757294377e-07,1.3893740908459777e-08,1.5593154736741643e-10,2.1405735568830248e-08,0.0014684776122878683,8.418955643112921e-07,0.0007300393586071804,4.5391617548093655e-05,5.855179229796233e-07,9.819120053595434e-09,3.006006292305813e-08,3.1929301092789345e-06,2.5559960072904125e-08,5.174419250345772e-06,3.972237053690317e-08,3.094441351993478e-09,4.2558556994954877e-07,4.260403872357375e-07,5.32309038944538e-08,3.3172068771265e-08,3.607051114841459e-07,1.3358626037579519e-08,4.0864378281666e-06,2.6958092946272864e-09,3.556997634490579e-08,1.1751230701028016e-08,9.788239249812796e-07,0.006747000612454559,1.2591808287422912e-07,4.035379711334317e-06,5.740547122221467e-08,9.664496965349368e-08,1.2493735451944903e-05,5.416111387029282e-05,4.480166613012239e-08,2.615873835595696e-06,5.089241766202226e-07,2.8547964602896375e-06,1.1287261314228846e-08,1.3860662158302307e-07,1.991705468053109e-08,6.369544193995368e-08,9.24647501509955e-09,1.1159432496402244e-06,4.209126292815437e-09,1.6876011003729763e-07,1.3126572616608733e-06,1.0086015396518051e-06,1.4764105669978899e-08,5.102148946635994e-07,2.8872236279111204e-07,2.406409816659453e-07,3.753500234826739e-08,9.199690753208185e-07,1.6409788385805196e-07,5.97779248067589e-08,2.8412472033908344e-07,1.3725917534697114e-06,3.4872180847436083e-06,8.200677433347884e-09,4.909234934750481e-07,1.9810969662593923e-08,6.083448636643348e-09,1.7100435854303895e-06,2.205020699308216e-08,3.585200030118206e-06,3.9890011107410774e-08,4.77039104953056e-06,1.4186327438832958e-07,2.4744013376630976e-07,4.576344203362112e-08,6.1264857944338155e-09,1.1196005878560193e-08,1.5374225873014622e-07,7.098177795394492e-09,0.0006863947783025758,6.44659340938911e-08,3.310106236610957e-06,6.163972866001484e-08,1.1542205189813603e-07,3.013915916530005e-09,4.266937906960788e-09,2.5731443406402936e-09,1.4898986353881173e-08,1.0844257855567546e-08,2.8647645459477756e-08,4.875492569482984e-07,2.0322836349075362e-07,4.432447311790399e-09,3.07465311420093e-07,1.0980125675459406e-08,1.1102438431740374e-08,4.405610639931816e-09,7.199136796602521e-07,1.8797907741079066e-08,5.1774546565066174e-08,1.8639103014423934e-08,1.975951607206206e-06,3.121748140321003e-08,5.520293273268419e-08,2.5166678350448425e-07,1.2662326700067005e-07,6.656916104163696e-08,8.355533717937214e-09,1.5804325354969318e-08,5.498789867714433e-09,1.6880243234494703e-09,0.00047964896012607516,4.782927440499627e-06,5.599396316294968e-10,1.1929002549895327e-08,4.332927835938436e-08,4.1708661627463793e-07,3.725654389851934e-08,6.722265735804674e-09,4.296323261105944e-08,1.3639201339919471e-09,2.8234413866438485e-07,4.302635539082643e-09,1.0082937858508638e-06,1.0698240551806624e-06,2.924825471717009e-07,8.067846180264233e-08,7.071105223728216e-07,2.4257276461058174e-07,1.2612919269689388e-06,2.314857411564477e-07,6.384376663794563e-10,4.2056317013312723e-07,3.297614771862746e-07,9.318112072292432e-08,2.517529450811389e-09,1.2723959414641789e-08,1.169149366344372e-08,1.1759481835765344e-08,3.74570668235493e-07,9.920223977020002e-06,2.190051073096042e-06,2.704269572076178e-06,1.7274632459420747e-07,1.0138302161192921e-10,2.0017053245491244e-09,6.588402266272337e-08,1.8321033519842403e-08,4.809142273320228e-07,1.925249835420286e-08,1.0761837542323128e-08,2.675818917701814e-10,2.9659220319180658e-09,8.144560732029282e-09,7.706384584858905e-08,1.3351697395486966e-08,1.58090969251902e-07,5.541222630190111e-08,2.2651090027789226e-08,1.3330526202007094e-08,7.999959596609629e-09,1.5988076242205235e-06,4.033669314194457e-07,1.52378830903025e-08,6.962115269963762e-07,4.28939404888869e-09,1.398174118251206e-07,2.8348567955883605e-09,3.189737281320352e-08,1.0601424311914694e-07,1.911492046147797e-08,4.447608495462422e-08,1.1878870079697052e-08,5.342293788691812e-08,1.6056636966435207e-08,3.954551711120332e-06,3.5672278664832004e-09,5.0085389955588895e-09,5.22301806014543e-09,1.7535542762211367e-09,1.1380921768368217e-06,1.602427590127529e-07,4.3727646655318827e-07,1.9530567313568456e-07,4.665180587671339e-08,2.2017258607278204e-08,2.776776124331292e-06,4.371178055051821e-08,4.405312623996717e-07,5.477501167713463e-08,3.737282004213537e-09,3.874553334819286e-09,8.87050635933916e-07,8.922148965936323e-09,2.0383774681167736e-08,1.227541046637063e-08,2.4644618532816974e-08,4.527738665667176e-09,4.736188725421621e-08,1.4032274012748389e-09,4.856633035719952e-07,3.2473041607272784e-09,2.5846794343834917e-05,6.708717464148945e-08,5.1849032842022064e-09,2.8764157900948238e-08,5.973031494248801e-07,3.4772632892731577e-09,2.6489081621856527e-08,2.0982104120736995e-08,1.1267300312141551e-08,6.913019889195288e-08,4.0361587081075056e-09,2.8447270448106538e-08,1.3051165096541987e-08,5.967969224210873e-09,3.1865265774392e-08,2.2472074506125888e-08,4.5455834250973566e-08,1.4932720132625366e-09,2.660583282689555e-09,4.3168257132271877e-08,8.912896166252325e-09,1.872913172652366e-07,8.595285325717912e-09,2.669349112571092e-07,2.1684442123809442e-07,1.29319142624506e-10,6.488436316137388e-08,2.791739803297072e-07,7.0977445702247775e-09,9.37232958070571e-09,3.9707826433616526e-08,3.0766445380320288e-09,1.1592016381571297e-08,6.995812357396443e-09,6.36060884634387e-08,6.032423840590448e-09,5.943251151004325e-09,1.3199367517695967e-08,1.022267305687453e-06,2.287477181415938e-08,6.571914061406602e-07,1.8589113983557636e-08,4.080234151181795e-08,3.256920321784094e-08,7.575134155652632e-09,2.729816980866492e-07,1.3895907025020633e-09,1.557244854230606e-05,1.096933560355086e-06,2.3694790807149417e-09,1.2327257210883072e-09,1.2184715529575034e-08,2.1317077514649294e-08,1.5432985895005232e-07,1.655268472416105e-08,1.1758725242803593e-07,1.2445910034445398e-08,1.6265751061174233e-08,1.9028717751025458e-07,7.666532826985269e-09,1.081051867071605e-07,5.528891727878196e-08,4.252248772123006e-09,2.010017158054746e-07,3.561668389420725e-08,9.736168126307403e-09,2.2877639945854552e-09,6.068984992607906e-09,4.5491915814963655e-08,1.0878730342080608e-08,1.0689499780203418e-08,4.5861307787533526e-08,1.5489709204057871e-09,5.103723108830433e-08,5.988767970936758e-09,1.2537783860859342e-08,3.6822613745896168e-09,1.5522731528426526e-07,3.5658129261589804e-09,1.7612118884914543e-07,2.5250616057568676e-08,1.3833993413702326e-06,8.652894408893352e-08,5.618720515542012e-09,9.12840694089109e-08,2.449839570116119e-08,2.2666994506266555e-08,3.3237935605814976e-08,5.5354760524096525e-08,1.3169191110320671e-08,7.427937718939413e-09,8.526314410788505e-09,9.187687069320815e-09,2.628133781873176e-08,9.376876032037436e-08,2.5514674111317757e-07,2.3004282349979792e-08,2.041614765962977e-08,1.1595200661235502e-08,3.0653981345743604e-09,5.718883816911336e-09,4.468711291863436e-09,1.571534945848785e-08,4.127952717544664e-08,3.4482030465913792e-09,3.240660540334993e-08,1.3538798657684448e-08,7.090167408480944e-09,2.6770263908537954e-08,6.150088798779737e-09,5.478856723966046e-09,1.7940373552589757e-08,3.217797442298716e-08,2.315288967489755e-08,7.488252183981631e-09,7.405731520992357e-08,9.382345656921989e-09,2.481366474118197e-08,1.0022567729678111e-08,1.2971749709516233e-08,4.9748566904943106e-08,4.367977680779911e-08,5.049824465775554e-09,1.4448968308599643e-08,6.745465094294844e-08,5.350614989827374e-08,7.3293113327038815e-09,4.560033244107813e-08,6.312458538201727e-08,1.4301566953503313e-08,1.733377763393355e-07,1.6916802196757192e-08,4.3778675074528935e-09,4.576608400005335e-07,6.559934910300031e-09,5.282328008071046e-09,2.8614348362425833e-07,6.68646065856811e-09,5.7309198862390876e-08,1.9295372769017394e-07,8.341520995256143e-09,8.3512000010968e-09,4.7164284917734896e-08,5.189018914741478e-09,2.0775027756429232e-08,8.061939276674433e-08,5.343761295026481e-08,3.4468353174416485e-09,5.831322766737197e-09,5.031502190504201e-08,1.4760501591961896e-08,2.215813730671967e-08,2.261647879565044e-07,8.532793746078859e-08,6.431876464019966e-09,2.3764232364037805e-08,1.9236117863722084e-09,1.1942519275796956e-09,1.7231514712806897e-08,3.052971303498383e-08,1.5567376243158738e-08,1.292038902804299e-08,3.187606990659369e-09,6.551932062799472e-09,1.1643425279631546e-08,2.9509349080246315e-09,2.8495058340991953e-08,6.230755081883708e-09,4.453055741391315e-09,6.727191073771594e-09,2.0244907655359212e-08,1.3386332325908752e-07,1.56789943528606e-09,8.627346462360243e-09,1.0561060125104835e-07,3.8933737547069136e-07,9.192113563748004e-07,2.7169438070573648e-08,5.154926444841379e-09,1.6246349606692896e-07,6.708717464148945e-08,1.2879053896372563e-08,1.541326847224262e-08,8.235789461315862e-09,2.084234094667018e-08,5.989479265775655e-08,1.1835125856901189e-09,1.237810778621173e-08,1.7175863179662382e-08,8.705366417276744e-09,6.2945891387395655e-09,8.213701535020725e-09,3.240770152549935e-09,1.5400624473838642e-09,2.373596534298229e-08,1.1989953125944853e-08,4.4229886892876345e-09,5.571235146120116e-08,2.852551060727997e-08,1.3770902190290202e-08,3.060714156615534e-08,2.3037301668795285e-08,1.971333412426649e-09,5.2085161220121874e-08,8.558379457150037e-09,1.205857284873022e-08,3.787225742029399e-09,6.0270874483090846e-09,1.5014515509974075e-09,3.2872547510905386e-06,1.0131088063051175e-07,4.5270328744086945e-08,1.546609180674602e-09,3.564604323141933e-08,1.0201548460151303e-08,2.345736284093005e-09,1.0878398354643245e-08,5.490238227093974e-09,8.094974913337531e-08,5.484042421111893e-09,1.0737889187187913e-08,2.769009241979808e-08,3.1751796887283176e-09,2.019615822516679e-08,7.496229991588362e-08,1.8297565792782866e-08,4.336249194016794e-09,4.946865373930672e-09,3.182164072374571e-09,2.756287687064122e-09,6.712835582009399e-09,2.066191883493072e-09,4.5611617480344705e-09,1.8326126817056283e-09,4.068311282915449e-09,3.160678086453215e-09,2.0865320587451363e-09,1.8317739701758066e-09,6.100366459843005e-09,5.090984137954454e-09,9.543192688195612e-09,5.2725037199016124e-09,2.3829671273042576e-09,2.5521072779149123e-09,1.3938804113632852e-09,3.257726335068469e-09,1.9695294287081425e-09,3.3837798247155487e-09,1.8082796874069308e-09,1.2389486429687995e-09,2.203817063434922e-09,1.9137163545740598e-09,4.599461248709212e-09
12,these,B-N-n.TIME,177,2.7419142556479642e-06,3.835795638572274e-05,0.0006315265303174685,0.005858497775581805,0.030713200160665564,0.0011522695859368531,0.00027970846453362574,1.8673648168453608e-05,7.938135425573066e-07,1.0361148069373748e-05,1.025235332640552e-06,2.113162149604671e-05,6.046720392283765e-05,6.8012306621993245e-06,1.8585526201000788e-05,0.0001101185949847028,3.295491214828302e-06,2.769488842168671e-05,1.178846942181499e-05,1.2648725465748628e-05,9.140951511831754e-08,0.0001474544907917417,5.859449891313528e-06,1.4459507123979733e-07,4.5447361557117677e-07,1.4409194575330608e-05,2.8808675476086695e-05,8.67742999854683e-06,2.020705494628813e-05,2.149462023528511e-06,0.0001696362281492927,1.9974139750075476e-06,1.6218554943562644e-06,1.6514732767630365e-06,1.8513190505680374e-07,7.185285225993831e-06,0.0008762527712188086,2.8538477193869385e-07,1.3129420458859833e-07,8.316076005107904e-08,8.240205792981043e-05,3.043462688668514e-06,4.3780768253837944e-05,1.3506977161564689e-07,2.5124306230379157e-05,3.272341144760642e-06,6.748943230351546e-07,9.303589918880753e-07,1.8579411052733495e-07,5.547935925402266e-05,0.007142364280062275,4.035120079155772e-05,1.0575180840497594e-05,3.446906322718967e-06,5.240688803673661e-06,0.008104728540595789,3.8700371558466586e-07,8.224907514124719e-06,4.5082381451044104e-05,1.586796126972548e-05,3.4897731351249463e-06,2.494028388319651e-06,5.107117064085128e-06,2.146184705797904e-06,8.808788953670794e-09,0.00017361664332044393,2.255085563510992e-05,5.511317133542236e-05,1.2956629839375374e-06,3.103016092726948e-06,2.133515951184874e-06,1.4276180899512694e-06,8.916101812638936e-07,3.361822421253997e-06,6.386261981205844e-07,1.0094945569702578e-06,4.4067917064357506e-07,4.135477134528698e-05,6.122893996154832e-07,4.706189126556328e-06,4.253907969197615e-07,1.3864000689274977e-06,2.21269801968516e-07,0.00011803549820611173,2.5823397832081363e-08,3.4975678219726514e-07,8.764161299093144e-05,3.9831357893780555e-06,1.0748273930798313e-05,6.299502304466541e-05,1.3248110365032335e-06,1.6997937086651558e-06,1.018561581038256e-06,5.079587982378996e-05,7.310450205620855e-05,2.12577491645815e-05,3.2291980818988676e-07,2.4349244255497666e-07,7.118956660943715e-07,7.165819696508509e-07,5.501420917858266e-06,2.1773819590344183e-05,4.187943394143211e-06,2.86816669529592e-07,7.930602926362162e-06,4.352247780236464e-06,2.6435607277304443e-06,5.516606502801523e-09,1.5506531005694937e-05,0.0015872215190253888,1.282332092872818e-07,2.6028230059440757e-07,0.00017795093610153224,1.5062604783091815e-07,1.2270419732523933e-05,2.7352282939425614e-06,2.604085617125183e-06,1.2058532984544984e-07,1.8552153711008192e-06,1.7020833064727626e-07,6.655675295077154e-07,5.2572225926935006e-08,8.815722835110276e-07,2.4276370695227064e-05,1.7670262404962684e-07,7.305766664608748e-05,2.8448044557041945e-07,5.420079718555589e-05,3.8560082497064145e-07,1.238071138849631e-07,1.4091784793832665e-06,2.4119159861273623e-06,1.9021107131687793e-06,3.8813917799553785e-07,1.6130639192378392e-05,1.8004485647680168e-07,0.00011342359681650563,7.315185115288646e-07,6.953644767076819e-08,5.672783301946574e-07,4.0493330717936933e-07,1.408576541979412e-06,1.188281912359519e-07,6.114118064327436e-07,3.6382271993525095e-07,2.426393983605709e-07,3.3308905275363526e-07,1.4320783616648151e-08,6.703191928060359e-08,1.7676078319914005e-05,6.306468644302376e-07,6.381196766514302e-07,1.591845608105555e-06,7.302224406774891e-06,6.430067624702042e-07,1.9763199813530938e-07,1.789754208973127e-05,8.255083244729677e-06,2.405528724407142e-07,9.923620301821888e-08,0.0001367565323004847,0.00022080891010811581,5.099952679150406e-06,4.9774383099280936e-08,6.117104202516847e-07,7.511089759718983e-07,2.061063467248959e-05,6.090447106103298e-06,1.4589378749536577e-07,7.898264203379594e-07,9.981632578063534e-08,3.824470329692339e-06,2.0464043723236396e-06,7.718127055237552e-07,1.7229297468283253e-06,1.2456888480782926e-07,1.431675617666012e-06,0.9377803724016927,5.08456774940978e-06,7.920013434938311e-08,5.8212886594107034e-05,4.0790731802508864e-05,2.3959962908267227e-06,2.2300524253420656e-07,1.5140902403712336e-06,1.5699958026419765e-07,1.7680511194629037e-07,4.9550078970303044e-08,5.036983046212943e-05,1.1538331198451807e-07,1.820343956853255e-08,2.816212829899976e-07,2.494408975886372e-06,2.0421688380340822e-07,1.8610560638901162e-06,5.65011254805808e-05,7.685431132465767e-06,5.2808599146329244e-08,3.3116327777193626e-07,6.2348778970273464e-06,2.3817075463176175e-06,1.4235720617207344e-06,2.999114128162191e-06,1.5085145668969485e-07,2.1534014115591037e-06,3.4349353577488764e-06,3.5552377367079387e-06,7.626603977031359e-08,5.504947738748738e-06,1.4710039520784527e-06,9.162116476241749e-06,8.428981727706092e-07,1.5233082489732037e-05,4.114495363403359e-08,5.00285371566505e-07,4.6319387353852764e-05,6.10926869849553e-07,3.3602838532553872e-06,2.2662077912661938e-07,5.648598258498121e-07,4.698455485264416e-07,3.7073694043264243e-06,4.342430185387635e-06,5.805183170298961e-07,5.617140360412822e-07,1.6078596241166883e-06,2.5829532362752818e-06,7.028292547746277e-07,9.55481761928193e-08,3.5550560064798135e-09,2.414656905258902e-08,1.358925458994222e-07,1.1430734585648978e-07,2.5024312897885976e-08,1.8793830373303005e-07,3.95696611467874e-06,5.017548591970741e-08,3.164324627844696e-07,5.201175102990518e-06,1.522430272076654e-06,1.6529409581064708e-07,2.2953014958980882e-07,5.5956012207381994e-08,4.8315340711264495e-09,6.778068765713325e-08,9.451861911892574e-08,3.422912822929758e-07,4.646709150930407e-08,1.756857875308931e-06,6.377129646587838e-08,4.127196936023316e-08,7.734657946568024e-08,3.625935719729079e-08,3.7299774180646734e-08,1.493677271066754e-08,1.84803896862859e-06,2.7462688922415896e-06,9.768576303391622e-08,4.62040789448561e-08,2.841584662527941e-06,7.923639759306042e-08,1.9556874708327302e-08,3.0961211754466054e-07,1.8609609337840328e-09,3.482550196209987e-07,0.0019525541492206445,0.00011527658047030725,9.094761298017165e-08,3.358540994065895e-06,1.4496178886887914e-07,4.501561264236747e-09,1.208284527743184e-07,2.6009259377458655e-08,8.58110402865032e-08,1.2110861941412504e-06,9.365119867497131e-07,1.1712524874232484e-07,1.3441185878607878e-07,1.0468645023553888e-07,9.226431421345472e-08,2.0481605271545308e-07,7.593137059815608e-07,1.3697926412894846e-07,1.706400078471265e-07,5.027801736100238e-07,7.494196148157021e-09,1.6391269723983982e-07,1.78457882135012e-06,3.539347763964456e-08,5.560534138293993e-08,4.2189869104813476e-06,1.2888054326452297e-07,1.9723368421797346e-06,1.703850300678294e-07,1.6851308381643976e-07,1.4104785373014358e-08,1.083260949933759e-06,2.032090864431535e-06,3.684023255758441e-06,7.184017180327316e-08,1.2337296386031913e-06,1.427448549773528e-07,4.635772233421114e-06,1.0807514152348595e-06,3.322666988041505e-07,3.3615035385462656e-05,1.84410144159694e-07,2.7328176954137024e-07,4.598729074324892e-07,3.385203458049598e-07,6.677851703505007e-07,2.8783476258857765e-08,5.5728987647726e-06,4.131846134665022e-07,5.130269967362417e-08,5.833222779496925e-06,1.5112331500751723e-07,4.5924180154559006e-07,3.0094942835818443e-08,1.0654580973909529e-06,1.2602530824956169e-06,1.4021479613082338e-07,5.900021544533298e-07,7.342695448424862e-07,1.1440157102138123e-07,1.565025978664345e-08,5.130096446801593e-07,1.7979777219113934e-07,2.5592742256798784e-08,3.331714846754737e-08,9.949091903859476e-08,4.1827204570908866e-07,5.066307520302101e-07,1.373099042932814e-07,6.504693580778932e-08,0.00036286551607196216,4.152591103774663e-08,1.5746501977728437e-07,1.4899895743593337e-08,1.4516543037726574e-07,1.1180982268170201e-08,6.210001843032091e-06,1.1865063294407478e-07,1.7447350861524155e-07,3.6729340177502974e-08,1.7961798017117796e-09,2.9351082427968754e-07,1.6150888206931214e-06,8.822778842174478e-09,7.127217075697793e-07,5.011733274157601e-08,7.874463692790839e-08,5.824367284460397e-08,1.2844862520498653e-07,2.5684285926287555e-08,3.884367018046514e-08,1.4340463730294292e-08,6.638049664549816e-08,2.239744722708532e-08,2.3620914239795467e-06,4.232412513457532e-07,1.3273244588953582e-07,6.076748741293314e-08,2.205761034370088e-08,9.272410747822806e-07,1.7090058258785478e-07,2.452981636499278e-08,3.1569940003974093e-07,4.5288142619886777e-07,6.547070109471199e-06,1.1452732540740553e-07,1.7922256005383917e-07,9.971009699043252e-09,6.273261121803826e-07,3.32378257252148e-07,3.5580833096750495e-08,3.733723352860911e-07,1.3114603735348853e-07,1.2710763911170541e-08,1.5742177665670803e-07,2.8548058979330936e-07,3.07240199548698e-07,1.0001113942462774e-06,9.871032323482137e-07,4.186168332831603e-07,2.1642059484392657e-06,3.888017835780984e-06,5.380416055339729e-08,5.616797527835772e-07,1.0245227419330079e-08,7.117894008132513e-08,1.827295238733768e-07,2.91208930398858e-07,7.837064495888534e-08,8.331062896737875e-08,9.510308357578498e-08,1.2477052949284168e-07,1.3890681359906168e-06,6.227312778970457e-08,7.080869396774663e-09,1.267315118336736e-07,1.337979762634321e-07,2.941664041334737e-08,7.5356813284219e-08,4.6374855457744883e-07,1.0283408982828092e-07,2.0474798573784415e-08,1.4443630158075553e-07,1.6341822493994162e-07,3.1397954757178367e-07,1.4557801463990867e-07,1.0842567435036604e-07,1.398605495865073e-08,6.652832291180466e-07,1.637177267651715e-07,8.24758347984337e-08,8.787577523641717e-09,3.1757506360422346e-08,6.163408563263112e-08,8.212170550501871e-08,2.6354425150149274e-08,1.1147252812732265e-08,4.5513983624194943e-07,1.91201080432616e-07,5.399808409528935e-07,3.1289969259056673e-08,8.923480981651897e-08,5.471987662146349e-08,2.2019201646721718e-07,2.7479546777937743e-07,8.597880375274221e-08,2.1504533035374675e-07,2.428698576451493e-08,2.473042481667787e-07,2.0024318853539983e-08,2.000837057320379e-07,7.554768119354388e-07,8.238527389578428e-08,6.2734318301850526e-06,1.861971160014338e-07,1.0550786503719131e-08,1.0030490202624735e-07,5.957395450845603e-08,2.287826249364997e-08,2.227603761911279e-07,6.008722274386833e-09,1.2255157358317386e-07,4.1790341615802626e-08,8.639964874789906e-08,5.621770648805161e-07,7.791991811364282e-08,8.138819129633023e-08,3.728144259768774e-07,3.9664226067365446e-08,5.337876040857227e-07,7.666273522682733e-08,1.2408702352809693e-07,1.579082645060031e-08,3.466656239289263e-08,1.4056611483633175e-07,1.5759962990995141e-07,6.442856538933837e-08,1.747725138234114e-08,3.1272785885578187e-08,6.570710818165375e-07,1.9373257478035837e-07,6.410886997366557e-08,9.389157930123873e-07,4.943076313261621e-08,3.97502616267579e-08,1.520944249479149e-06,1.3137393036416334e-06,3.2302929631789834e-08,3.791248029735907e-07,3.3655401113701797e-08,1.293656540428532e-08,2.0307404302470798e-08,2.7357472631271814e-08,7.468803491250482e-07,4.3485447827333584e-07,7.703588406358356e-09,2.5577907016488832e-08,2.6706616528402997e-08,3.4654812446171826e-07,8.075482336677508e-08,3.9224861151681546e-08,3.69281525165732e-07,1.5149734242405624e-07,7.507701881565085e-09,2.0737518091296756e-06,1.2480902485088827e-08,1.303679143358112e-07,8.07819367753578e-08,1.8067232408403528e-07,1.1240094506938597e-06,5.796155031126047e-07,9.545782607031358e-08,6.510850224881141e-08,3.2971116341679494e-07,1.7820327704137002e-08,5.4095576064644126e-08,3.7674886512561726e-07,2.2053426031718185e-06,2.085308779607779e-07,6.993868043033433e-08,4.297489236571593e-07,6.570331506764874e-08,8.53852447402586e-08,7.251221153733936e-09,2.451094667634944e-06,3.2482953105412516e-09,3.927037535231738e-08,3.321866870752127e-08,3.4192587094521915e-07,5.8621715078191165e-08,6.673595507571383e-08,3.975511424979122e-08,1.0226451204538167e-07,1.6448448702706514e-08,5.537672569288833e-08,2.7013091344132987e-07,9.553328198789707e-07,6.634201813429571e-08,9.793052205195633e-08,1.0321136991153233e-07,2.3814325737083635e-08,2.9033140578673723e-08,2.938523682588845e-08,4.664611142376023e-08,1.5745540916849384e-07,6.84774165913461e-09,1.6226088191162668e-08,1.1273147290911346e-08,4.2651011638382146e-08,2.6729446876368918e-08,2.1736855828930217e-08,1.3210651094297241e-08,1.2585703051162817e-08,2.0851815063446974e-07,5.0666335022884795e-08,7.051733812152059e-08,2.893937408094369e-08,4.5886507076871176e-08,2.2412415531772043e-07,1.7801244853396624e-07,1.2414424946856381e-08,4.032944127325554e-08,1.4586707599060466e-07,7.393762938299736e-08,2.3820140491233015e-08,2.7432624767773413e-07,7.500806723842348e-08,2.2020618430654096e-08,1.1870897440753216e-08,8.868099653420073e-08,3.077103859983673e-08,5.101231664843392e-08,2.1911351823210357e-08,2.5930712017883565e-07,4.476339980789228e-08,7.431994558525352e-08,1.4127139521912422e-07,5.5973091233042964e-08,1.918563521322748e-08,3.304465071976725e-07,1.222154374573001e-07,1.7911867084491092e-07,3.1504494142421027e-07,4.2304894976299856e-08,9.021536956951045e-09,1.8401161473180678e-08,9.561849950466446e-09,8.26852808538401e-09,1.1991782787189557e-08,1.013606959993259e-08,1.196363693651289e-08,7.658348458180541e-09,1.9486575603131816e-08,1.70682237346034e-08,5.3947380325047286e-09,9.85604697472206e-09,1.2022929781570466e-08,1.857323651543846e-08,2.8880262839427225e-08,1.2252580159423496e-08,9.408150460196764e-09,4.149184600126002e-09,1.0768079430919176e-08,1.5178476214075866e-08,7.753353473919237e-09,1.2132397602615012e-08,1.211759658261138e-08,8.197924982406731e-09,1.4931759376776604e-08,1.2271290384174276e-08,4.588370647221051e-08
13,days,I_,2,2.2584677200375946e-06,2.1689665119711704e-06,0.5562102622424825,0.00033501247988752537,3.1945870274443513e-06,0.0006335534053110885,0.0002920247862151505,5.293266254295743e-07,3.469808569520276e-06,0.0014261669436227684,9.00161697183475e-05,5.27404326391231e-05,0.000698311204304507,1.9167303227711144e-05,0.00016595458577290897,0.008606401230782384,2.719322423753177e-05,8.62196834092262e-05,4.703174041415879e-06,8.913079773128113e-06,1.0780173802887248e-06,0.2278019735574779,0.00027219703106189997,3.631239036635917e-07,4.902230950363134e-09,8.10057846642021e-05,0.14661841624668717,0.00128867040348935,2.442433037066448e-06,1.4140417260927379e-05,0.00010309072594265669,1.8328741596426632e-06,6.791090415753764e-07,9.559972866225523e-05,1.6962811776071383e-08,0.00022281255789909654,2.5063042407491514e-05,3.7369275076174275e-08,7.472019891734184e-08,5.6738596288225625e-09,5.063061720333033e-07,4.364617591262282e-06,8.8189226860574e-06,2.652692747530431e-06,6.309163634066941e-07,7.295566198314054e-07,1.3624044934718707e-05,9.175017697607461e-07,2.3377959317454707e-08,7.681444973897213e-06,4.2175569195046804e-05,9.33484307225566e-06,3.0737985898218e-06,2.987066911899749e-07,1.9241274727623907e-07,1.3338983868398903e-06,3.2862517136128646e-06,0.00010950198608674094,1.0315434876487227e-06,4.436477863623019e-07,1.0553005748560075e-07,3.7473073628211887e-07,2.7094648648947924e-05,5.005908147291101e-07,9.269894999011296e-08,2.5046469462120356e-08,2.2253615157909098e-07,5.952449373688009e-06,1.4247455323428142e-06,2.2856553303148497e-07,1.2074735738210947e-07,1.2494158040487804e-06,1.4967196401467629e-05,1.5365732080237316e-06,3.80248752880961e-07,5.5938938393030794e-08,3.2342279076270846e-07,3.0574264914484775e-06,6.081943494740185e-08,6.198682378146416e-08,2.7465384915967954e-08,5.452282016195071e-06,1.0504132452713705e-06,2.5872837246945353e-05,9.67243157114491e-07,6.789639837271562e-07,1.4129248607058963e-06,1.6112050377890633e-07,3.6847981505590685e-05,8.552289582498785e-06,4.014266674080202e-07,4.056754414464693e-07,2.6214765842678774e-07,1.3938665874081817e-06,1.7452143577710352e-07,3.8848155272951255e-06,4.671861334737982e-07,2.2972560568219937e-06,2.416344370100434e-07,5.689966869813984e-08,5.4593109909241975e-08,2.8809649901728988e-06,1.003906484109873e-07,4.244931818103274e-05,5.929805439309533e-07,3.5006645737767015e-07,1.409776013452856e-05,5.746487594435536e-07,0.0001306374385019903,4.4121452033122664e-05,3.716897638259137e-07,1.066625761705841e-05,1.9447173148125244e-05,1.6649902769918465e-07,7.747599988937023e-06,3.2404306145195895e-05,6.622469532891468e-08,7.46401849901625e-07,1.349461681362349e-07,2.2366710124359602e-08,1.0342543413981297e-06,1.4005609888086422e-06,2.4300089668128846e-05,1.6964308756823695e-07,5.541391737464995e-08,5.789241496203483e-06,2.3495178876355888e-07,3.7585437206112854e-08,5.814757704375306e-07,6.47694040311835e-07,4.584871333280797e-08,4.873707437665689e-07,4.248343459096113e-08,5.372868280098686e-08,9.493489815002794e-08,3.301844160858527e-07,6.557267880201228e-06,7.857394209443748e-07,8.311790231348012e-09,2.9732528049810504e-08,1.0884707848757618e-08,3.879129045470567e-06,1.6902297218506132e-07,1.0052214078738241e-06,1.0793376911461317e-07,4.4259299589026514e-07,1.1573243982303072e-07,1.0249258916645258e-07,3.884117101869275e-07,0.00016270004048259714,0.049001730841319674,1.3626584848101043e-06,4.8538017649611605e-06,6.449130144100627e-07,4.924540175401739e-07,1.7688066737895687e-07,0.0015882390463323676,1.3146574004863678e-05,7.975477407527988e-05,2.434998734680013e-07,4.128078694586465e-08,1.1674659078343577e-06,2.727717054975658e-05,1.3130178432617607e-06,5.183128768946289e-07,1.4787004594896005e-06,9.14343226678145e-07,3.0798079693168786e-06,5.198018710258825e-07,2.932789979663247e-08,9.925470349742795e-09,4.59324380454104e-06,3.8376690429983266e-05,5.519114137349528e-08,2.21952134843377e-06,1.0647825370011144e-08,1.358469353301861e-07,0.0017643625411640316,1.3207295245324253e-05,4.0546503208763156e-07,8.237494539092822e-07,2.4382625218568254e-06,0.0004413477298178037,6.422636435703435e-08,1.4340368914769308e-06,1.1212381228774418e-07,1.227050086197713e-07,3.6833609294540983e-07,4.5990097670384693e-07,2.6814416314501025e-08,6.695627287888288e-08,4.80430151986621e-07,5.599853442121731e-07,2.0681338446764591e-07,1.0260212154854127e-07,2.97188224461487e-07,1.1601141094134749e-06,1.3467463848503467e-07,1.1171699352263013e-06,7.696043600692394e-08,5.141503934785004e-05,3.4295000708443167e-07,6.333277146964578e-07,1.6146945600284878e-06,4.1276871293141484e-07,5.044554143609735e-07,1.315103143900383e-06,4.752694639920378e-08,5.7125854283852094e-08,9.515533961111288e-08,9.102505929856216e-07,1.4573755751929884e-06,0.00011175717408458539,2.7276608647900826e-08,1.7888318410653828e-06,1.0792718156118882e-07,1.6530922962985529e-07,6.164893104921416e-07,3.002512417620888e-07,1.795674661312151e-07,2.3541112740285784e-07,2.6412309172296793e-07,1.857663768799397e-08,2.099740808686741e-07,8.33484987359237e-07,5.354681040744382e-07,2.2995081686099413e-07,1.0577545088077622e-08,2.5971101910095386e-07,4.8068264140431666e-09,3.035505627788868e-08,6.421068600623779e-08,6.112625541921977e-07,4.842277663850164e-07,2.124239589814917e-08,5.210423886885074e-08,6.595241924815453e-08,8.927021883357852e-08,1.1916149622005133e-05,4.241477607984347e-08,1.55668497094922e-07,9.208147619393278e-08,1.5544063400253905e-07,6.146336227782169e-09,1.8297007403909667e-08,2.254343578461596e-07,9.030291648437435e-07,2.6836519817821573e-08,5.465145279454344e-08,3.801352412338672e-09,7.238152879358602e-08,7.07199182758931e-08,1.2852312567999296e-07,2.8686919203874414e-07,1.8034180586892893e-07,1.1511914196866777e-06,4.999953731897672e-07,1.1689632529777855e-06,4.658620760818006e-07,7.792441650360018e-07,4.657483541060242e-07,8.701116787672468e-09,3.6027606084935307e-07,3.0091269360957477e-08,2.6249188903750015e-07,1.5228899173184754e-05,5.730007598361791e-06,1.4494851782823758e-07,6.947917500231402e-08,3.769903892314484e-07,1.9024716105929747e-08,8.383830241608496e-07,2.6522967777922134e-07,8.884352504248038e-08,5.21594046313388e-05,1.3073844160024842e-07,8.509881138186206e-07,2.6537541281630867e-07,4.5177860077403384e-08,2.2404967163512147e-08,1.2719258566168247e-07,7.278220695979438e-07,7.231308499639145e-08,1.734065580209694e-07,1.6489607013811173e-07,5.786119628605463e-09,1.4720866087420266e-07,6.668280351895748e-07,8.914528315705952e-09,0.0005466574244658987,5.663788221448757e-07,2.521511053614998e-07,1.2949557314171163e-07,2.3231451945963652e-08,7.657855727920567e-08,3.8334931881086835e-08,1.0111970686410278e-08,1.344775056022521e-07,2.967532088410542e-07,1.3701689177463372e-07,1.406090187565299e-07,4.3545350981809246e-08,6.0037137359503415e-06,7.921222025287851e-08,6.591821208442206e-08,5.542726457822214e-07,2.9794292917564735e-08,2.6951423085516844e-08,8.062923460189865e-08,4.756902682894645e-08,9.750408308435045e-08,2.6152525638648823e-08,1.2718828364074847e-06,7.606381976917093e-08,5.378920700736012e-07,3.424062064919795e-07,2.767826446288026e-08,3.271164625157468e-08,6.754941085846065e-08,4.084220701085806e-08,5.579061586022555e-08,4.971333172983753e-06,7.58271662969017e-07,4.0710301518216106e-08,1.0339771503619867e-08,3.496939017264078e-08,3.333545515143063e-08,4.0298684085813485e-08,9.129799931525015e-08,7.349445261490434e-08,2.0946207409788493e-07,1.7665409788877703e-07,2.1415465782868643e-07,3.800759851349368e-08,1.0914644684918985e-08,1.1480689519243103e-06,1.6368775189843424e-07,5.1593161155720885e-08,3.2763598033623084e-08,1.18712204723705e-07,2.323925189923356e-08,5.567137741239545e-07,2.920375599848025e-08,1.2842902699547558e-07,3.959529004320901e-08,9.098677908579e-09,4.2510669639297104e-08,9.973411353764279e-08,1.0657252970590222e-08,1.3296353517026085e-07,1.4165176434914403e-08,6.351298369091157e-08,2.6003703793644977e-08,3.59190410384856e-08,4.2931776920498495e-08,9.420791960166476e-09,4.6015519847302815e-08,5.82721190823022e-08,2.19253261503065e-07,1.5473543145551578e-07,4.524546783866824e-08,1.9492523341572092e-08,5.495584238866898e-08,1.7152291909883133e-08,3.718587195222166e-06,2.603696903015315e-07,1.6004726951766135e-07,7.711089624449569e-08,5.691008829256178e-08,6.560091732724106e-07,5.8149543829423415e-08,3.592452226736487e-08,6.686438553936856e-08,1.3784311336157455e-07,3.1836000356444217e-07,8.776321364396333e-09,7.697452917386277e-08,4.7683848812754705e-08,1.0940620367783812e-07,9.25519613827854e-08,1.1006257196053544e-07,4.075753933568295e-08,1.0212728612728576e-07,5.476480194470884e-07,6.81642175375117e-07,5.784845463925313e-07,5.6873628057552465e-08,1.5120173794735117e-07,4.303920342999534e-07,1.617763295578917e-08,1.3602531828349096e-07,7.385869763626463e-08,1.9454424847573851e-07,7.065520188629627e-08,3.5900292432673924e-07,7.810800099387827e-08,3.497556259435916e-06,2.781459154790592e-08,1.9602221509898826e-07,4.076375891714159e-08,1.2041249513121628e-07,6.977642642808728e-07,3.882470817440759e-08,3.0645360513701933e-07,5.5620615943633996e-08,4.277875991982131e-08,4.7211807054756836e-08,1.7357598307639992e-07,3.4648352997757163e-06,6.42400860542612e-08,1.2532769319073006e-07,8.179931738853578e-09,5.3029849242579424e-08,4.1725349864616994e-08,6.319976007823588e-08,3.7640534343391706e-08,1.0148450286802632e-08,7.135292909301707e-08,7.704973632877581e-08,4.258858030778829e-08,3.7288392929650114e-08,3.567760429164829e-08,2.2123002132653135e-08,2.105458552366677e-08,6.999419578969165e-08,1.7984775646146835e-08,2.084106886995498e-08,6.863619614424553e-08,1.1844119631342975e-08,2.9638311708383997e-08,7.704033141742603e-08,9.082002951182585e-08,6.068409324376476e-08,5.293606839513101e-08,1.4854494182872448e-08,1.6686527251055942e-07,7.568613985332719e-07,8.187869718722762e-07,6.658903916472537e-06,1.8256848154926668e-08,2.410386695667385e-08,9.177598717547334e-09,4.057386886523759e-08,2.0945637435768442e-08,7.249648324678887e-08,3.9455368978904446e-08,5.0321164250380786e-08,7.611283396736108e-09,8.661877291354773e-08,1.1908594112592114e-07,1.0867412524546875e-07,3.9898401543642626e-07,6.823520685301589e-08,2.721166745398108e-07,1.703486357860315e-07,6.39447388510638e-08,1.0049793447868557e-07,3.4347597769207045e-09,4.923354317850935e-08,3.121843409967454e-08,1.2209241868027454e-07,1.868238352751111e-08,3.5468084664674116e-08,1.7929914855243743e-07,1.1129200674635122e-07,1.0612106172980908e-07,1.6361783188343114e-07,8.570373887921002e-08,9.175328033725497e-08,1.970725385998823e-08,7.505386250364672e-08,3.1335837761856394e-08,8.893575671724745e-08,2.5422267319189977e-08,6.996216232205529e-08,5.650341016289613e-08,5.1069949757804737e-08,1.1593431509004268e-08,1.3073445184052216e-07,6.370127369878317e-08,1.8958002807258488e-07,1.298283870535665e-08,1.0520849622133006e-07,5.5926989822862745e-08,8.520823740653412e-08,2.98334163173628e-08,2.782383830641868e-07,1.4180267680446288e-07,3.4239688916602226e-08,1.6000820024664395e-07,4.559198353521984e-08,1.726678365178943e-08,4.729256027867371e-08,1.0167016066287016e-07,6.331558830672434e-08,3.2612965653745185e-08,9.022333114295659e-08,5.3635302893128024e-08,3.737383703369485e-08,2.4661170158037508e-08,4.305116844576152e-08,2.492438794247183e-07,4.0118173077067205e-07,5.73562500336067e-07,1.3057140813427528e-08,2.1953446697903584e-07,7.617532302764823e-08,2.098068479390788e-06,1.0040017178094039e-08,1.2594072492861295e-06,4.896549285213863e-09,1.3999673605305574e-07,1.3518155843619228e-08,1.0472159868091927e-07,1.2534681813815152e-07,3.871940084012351e-08,2.1155705564916795e-08,7.950283587559117e-08,2.0619646864545067e-08,9.013801618095051e-08,5.437529310957077e-08,6.595040657075877e-08,1.0914608602422077e-07,6.73271413508281e-08,2.033034736661877e-08,3.658614605054452e-08,1.4419407338714708e-07,3.617094134942675e-08,9.355153107592393e-08,1.9346144169017212e-08,1.8377030277832295e-08,4.5350529067280554e-08,6.404238525859317e-08,1.7038559334201944e-08,7.51091020318966e-09,1.0284350500137751e-07,1.513268759507985e-08,7.368084701398386e-08,2.077249189707853e-08,1.9281309331753657e-08,3.344346539626327e-08,7.692546868366196e-09,5.503490548758694e-09,2.7812045162560233e-08,8.867046501178551e-09,2.2121651892967712e-08,8.403838421791914e-08,1.767997163648041e-07,9.99043730325566e-07,1.2795217918582374e-08,7.705888764003967e-07,3.125275054286491e-08,2.109252923550434e-08,5.377789540353902e-08,1.0486551070545752e-07,3.7963547865927684e-08,4.644866034539007e-08,3.3268269797576885e-07,5.5720853140002505e-08,2.2966327756331144e-07,1.8295890677284003e-08,2.741504967738147e-07,9.949091903859476e-08,2.148885945109883e-08,2.7652844433958787e-07,1.1509882595830562e-08,8.358084013591788e-09,1.3438314838197994e-07,1.0394505108386122e-08,1.1875607898598714e-08,3.783401114801919e-08,1.1565867658874018e-08,6.570754262333334e-09,1.4201968518181136e-08,1.493950796584879e-08,1.9830930945087346e-08,3.7741755619176015e-08,1.8477692187569675e-08,1.3660400713320516e-08,1.3290717852812824e-08,1.8656744786817846e-08,1.710837872084207e-08,1.4573407358675946e-08,3.768881058933335e-08,1.631596393057233e-08,1.593460067164662e-08,1.1365725171768853e-08,3.631472681851774e-08,1.5740308165964783e-08,8.963632026178075e-09,1.412287560737208e-08,1.4306805302856946e-08,1.0622509736543683e-08,2.658302018050902e-08,1.917275855564667e-08,2.2950989517090282e-08
14,""",""",O-PUNCT,0,0.9740368402946605,0.00017114941127506302,0.0014808986179491524,0.00017420575845836627,0.00016841887190607974,0.0004135463463140831,1.3964165550348768e-05,0.000693744387919417,1.4405677134953757e-05,0.00013518802183967802,4.568763519527609e-05,4.0177943470068535e-05,0.00023502117043094697,2.190177506798641e-05,7.320943299139348e-05,0.0003764233404124765,2.6041564796688656e-05,0.0003018376288803199,2.4930308906989923e-05,5.993808253494332e-05,8.31500594398514e-06,0.0001964574484828743,0.0001128676760761098,0.00017914969470249283,1.176582659661873e-05,0.00041295361115567595,2.411319239769423e-05,9.345928985168896e-05,6.16995451647078e-06,7.31469028224262e-05,2.6186607260036476e-05,7.92963489426982e-06,1.0060500261240306e-06,2.282294563379663e-05,2.2218255137744564e-06,0.00018556560906246472,1.803956574806806e-05,2.1072444864667564e-06,9.375383355381548e-06,2.774498245830215e-07,1.0064799489026831e-06,7.803362631648588e-06,4.457755711457218e-05,0.00015852420371409017,2.0037568702703604e-05,7.57690863388387e-06,0.0004506710114796435,0.017342486046909814,1.418805927395732e-07,6.840386159544073e-07,9.956315676531902e-06,4.2214199762855345e-05,5.809613863532619e-07,1.5738282800658068e-06,3.683023723125633e-07,2.047459551282314e-05,1.616957528410935e-05,2.4434022121367384e-06,2.9068314773368358e-05,3.160164500470769e-06,3.997884429943139e-07,6.795029262596055e-07,1.4585769105302094e-06,8.775698681822567e-06,1.8291303514035183e-06,4.453977669570742e-07,3.254602799336289e-05,2.5898116030716483e-05,5.67207211453272e-06,1.3110915509835165e-05,8.372835726636013e-07,4.263771565680165e-06,4.040925268997242e-06,1.99333407958359e-06,0.00012632096227208338,5.398490257842688e-07,1.8092001210732024e-06,4.147497693111627e-06,2.3644070970297305e-07,8.632001297570456e-06,8.262923935860507e-07,1.4141758665002344e-06,3.1738887765600202e-06,1.4759003914118833e-05,4.589475819350989e-07,1.3811635960738802e-06,1.5481049252782959e-06,2.1651307945311785e-06,1.6583923889406945e-06,0.00010179333597062235,1.7638416756830258e-06,4.209726852699558e-06,9.817257373955186e-07,1.810801989578403e-06,6.004446655895223e-06,3.123156840678769e-06,1.79490169644684e-06,2.314637837801525e-06,2.6760285206543643e-06,1.6885227999359397e-06,8.947418457274222e-06,5.170472987323968e-06,1.0237658648705823e-06,3.842134747999167e-06,5.230924664925481e-05,4.7751976352235155e-06,5.440647117065504e-06,1.070738602158791e-06,2.9114576560811298e-06,1.1600748710006496e-05,3.355365165888474e-06,2.5727177192696838e-05,1.1318230482493344e-06,3.379411966913331e-06,0.0006657843905612209,2.167973865112646e-06,8.69787341839757e-07,1.1040197349871332e-06,1.3017665516290305e-06,3.3228697937293624e-07,5.88058824279643e-06,8.960261181864438e-06,2.3377804748291017e-06,2.1331974794155895e-07,3.488814771923521e-06,3.377361132023418e-07,3.0825348359197774e-06,1.4656268265352201e-06,5.130722717501762e-07,3.7554356365111433e-07,2.2613718163515245e-07,3.7749694192894337e-07,3.3756094154595094e-07,1.1109143439459032e-06,4.3732984828620544e-07,1.371503092851712e-06,3.1298357547905e-06,8.257378180353543e-07,1.1250770366490531e-07,9.792720975860407e-07,5.251094774574654e-06,2.615873835595696e-06,2.4384938230428016e-07,1.180723059427791e-06,1.1326523238612291e-06,4.807528147135663e-07,1.0622115337010654e-06,1.8514824308508393e-06,2.9879687535921002e-06,2.1145883655514105e-06,1.1457588843886757e-06,2.56050724689753e-06,5.397978188799363e-06,1.164654667657575e-06,9.560911362280224e-07,3.1661599428390973e-07,3.1000818882733817e-06,4.112836156306017e-06,4.305731100431986e-05,9.311228217982546e-06,2.7194233922947584e-07,7.039025057264398e-07,1.5610088880076553e-06,2.92911302355918e-07,5.338690598246936e-07,4.3759540807569954e-06,4.783527143346905e-07,1.2502507936904925e-05,4.966497143816566e-07,2.3541831168995282e-07,6.829748087250196e-07,3.796329686053561e-06,3.0402136552854156e-06,3.3357623094472663e-06,7.304700274963651e-07,1.935192109378328e-06,5.8964020630484956e-06,6.091562402380866e-06,1.8282313954308316e-05,1.9819909435694426e-06,9.143711306447768e-07,8.863741281069131e-07,1.8585020464240127e-06,7.033656755441702e-07,1.932306848477288e-07,3.7748417389110337e-06,3.683473338424242e-07,2.4918303629566015e-07,2.2255579055993952e-06,1.0932276520193555e-07,2.1346882484514387e-06,9.403495584136939e-07,8.04519992864021e-07,2.623237199790874e-07,3.9521387807472816e-06,2.036125807011721e-06,3.056680140544959e-06,1.2086493275268787e-06,2.8722835335909445e-07,1.8880572677559617e-06,2.2292285356864974e-06,1.2044884952554096e-06,1.0245472342705245e-06,7.998197920976407e-07,1.934312846063648e-07,1.872792671345915e-06,1.939271361708697e-06,1.5798434241849283e-06,1.9133469987154764e-06,2.9230311813807364e-06,7.696018158501884e-07,4.811034670957651e-06,1.3251345161833514e-06,5.306528930558777e-07,4.1266795162032456e-07,5.772500890909284e-07,1.3572217197915961e-06,2.140239880799632e-07,1.0392533278636593e-06,1.544094354120955e-06,1.9554955011651895e-06,1.2304583948139578e-06,1.8685681141489138e-06,8.31805154773987e-06,0.00011941592995233669,2.3615946878522857e-07,6.818086122380126e-07,2.3603698130549995e-07,3.5599061806859594e-06,9.343740210256036e-08,3.4156084969052064e-07,1.593362813048475e-08,1.450321088157373e-06,1.5189547119288943e-07,3.764960058339511e-07,4.960421825446744e-06,4.827670057401677e-07,3.3472854975240067e-06,2.474770748830854e-06,8.299062245571763e-07,5.325022516412491e-07,9.781968278987012e-07,1.8995003544170172e-06,9.951824878864337e-08,7.410906960840679e-07,3.1942076466728017e-07,8.298808982155832e-07,4.863307187961835e-07,4.837698817894459e-07,1.2489964538507395e-06,7.077581978281623e-07,5.117587073717557e-07,1.199829254959231e-06,1.4140510754413778e-07,1.8042988489324395e-07,1.5789328625651543e-07,3.2721522403427056e-07,3.381165656748299e-06,4.516806075540393e-07,6.116730855499812e-07,2.1746072909742598e-07,9.038011259805963e-07,1.088031849285366e-06,1.261065167591299e-07,1.091357330682676e-06,7.666975423116162e-08,5.449971064504449e-07,2.4446036525111717e-07,2.5751612906311826e-06,1.2139354156077461e-06,2.2292965673805697e-06,1.0810812847238703e-06,1.6949763045010074e-06,7.047407790666174e-07,1.2102773608796105e-07,1.0636423174405148e-07,2.470176235784428e-07,2.4814339972207435e-07,3.133860317283933e-07,4.153211057177335e-07,8.006501139348454e-07,1.1534772383764526e-06,5.115869422039149e-07,7.997465697605707e-07,1.0999840879660329e-06,3.529832092881691e-06,1.522290895802587e-06,3.771054551247748e-07,6.09883697011646e-07,4.2624846556480664e-07,9.250082923554029e-07,1.4175028800982135e-06,6.97955937280981e-07,1.6975702192688584e-07,8.32290354979056e-07,1.7490474911428255e-06,1.4862607107658625e-07,4.086576047981971e-07,5.332340345596743e-07,1.4936673952498158e-06,2.62019687885797e-07,3.02523039591348e-07,5.037938739377651e-07,2.5045622318119093e-07,1.354867361183163e-07,1.927647510339518e-06,1.1618894953659563e-07,1.72788504138521e-07,2.1088597715033895e-07,1.700571990595671e-06,3.946715069086819e-06,1.5504267587650676e-07,2.935994397363542e-06,6.284374749281345e-07,1.5936440563639565e-06,2.357554412320359e-06,5.644462616272805e-07,1.3673284978632506e-07,4.1600609807071636e-07,2.94362023604157e-06,4.895769818279731e-07,1.7643800395880381e-06,4.119130253996506e-07,3.2584894587763966e-06,1.0369406737585165e-06,9.700218250747925e-07,1.100353407305338e-06,1.7332133453707914e-06,1.5538794867576574e-06,8.288431833951247e-07,1.9842972880637566e-07,2.5986958251205103e-07,2.48332790349359e-07,3.437766823636307e-06,3.422912822929758e-07,3.714516356390449e-07,2.1889892097863633e-07,5.5383119778080505e-06,1.673338714218274e-06,1.918147374526737e-07,1.5765202275983268e-06,5.757195059634037e-07,1.1994265478427916e-06,1.0339072073523743e-06,4.665449912922352e-07,5.956668274105481e-08,3.7383979887104636e-07,7.449909257606148e-07,3.8689743643542885e-07,1.0262683467961245e-06,9.512599046049857e-07,1.356936302786107e-07,5.909572147701571e-07,5.620226795406084e-07,3.239265567853593e-07,4.744144936190891e-08,1.4694832913338667e-07,1.1164882768575447e-06,1.9110191126280019e-07,1.3063431554569404e-06,2.9543394642595097e-07,3.1873913661397077e-07,1.2928586479396045e-06,5.470299914609403e-07,1.1802187078616402e-06,1.235802151673529e-06,4.449765999143131e-07,7.808867583272542e-07,1.0939582604865379e-06,2.718833534664753e-06,4.3531920111090475e-07,2.3465799605930768e-07,6.182037421874405e-07,1.535823111280992e-06,4.6147559333257433e-07,2.2054845017753963e-07,1.2670057529975335e-07,9.247824878179291e-07,3.6090330715078424e-07,5.130566142659548e-07,4.961043783260119e-07,2.3843334885762273e-07,1.5691815019068024e-07,1.2558379492609906e-06,3.919588336869302e-06,6.144420175380762e-07,1.2830324508717039e-06,1.6336782118838668e-06,1.4497458185453635e-06,2.5694392693615995e-07,1.3693328881684351e-07,1.3410865886753734e-07,2.0733088552640085e-06,7.730384783005572e-07,6.438314572613025e-07,7.711064132518722e-07,2.594100151170436e-07,2.42817177860517e-07,3.21680496387169e-07,1.6104676554411233e-07,1.228020024378651e-06,3.2094507011082265e-07,6.552488613868379e-07,2.816986432088684e-07,1.4720368185174272e-06,3.958066162034993e-07,8.859414338865077e-07,4.2892206097511455e-06,3.752113509572882e-07,1.8610622163369988e-07,2.2594403171444355e-07,7.279775657742263e-07,4.520943228558346e-07,2.658780022619328e-07,2.868079167130302e-07,3.1980116097094637e-07,6.938359598735227e-07,5.474140889465346e-07,1.2875081557099547e-07,1.65616703809724e-06,6.269624726167313e-07,4.614474279571775e-07,2.7739056123637285e-07,1.1563673622535483e-06,8.730850089784733e-07,8.391024960393939e-08,2.7908879619088456e-07,1.902058954219364e-07,7.464929689700465e-07,1.01775371673521e-06,4.892931907397512e-07,6.339851950899353e-07,3.1474703569553324e-07,1.1386517858460493e-07,4.5412701195505227e-07,5.15489236176943e-07,2.535623991339858e-06,1.5231738277503152e-06,4.571847070588587e-06,3.3283392257852854e-06,1.7114588564649276e-07,3.7928681717220714e-07,1.2807634670396708e-06,1.468900421037239e-07,3.5614392353412204e-07,3.748107959547523e-07,2.615323730284231e-07,9.63942793712352e-07,7.412942706784434e-07,7.384718442249419e-07,3.205437481180846e-07,1.9013625269539832e-07,4.4704549510659125e-07,1.6719660208099945e-07,3.180298452862487e-07,1.1513319545604196e-06,2.819136442236136e-07,4.0871996575774377e-07,9.338008113443413e-07,5.569346821705539e-07,2.81870630897043e-07,4.345095767803318e-07,2.771536344093876e-07,2.0745182369034127e-07,1.931717245196086e-07,1.010110891621715e-06,8.473600562300718e-07,2.2160769061494996e-07,3.4413470703183534e-07,1.4355303626999767e-07,2.7550830013505807e-06,3.0362267336053115e-06,1.247472730172748e-06,9.532682466751314e-08,3.174674241436126e-07,2.782723497836788e-07,9.009921543322163e-07,3.5540562165867836e-07,2.748290141954719e-07,2.4773480876141034e-07,7.433557798912797e-07,6.34643358037575e-07,5.016460258565475e-07,1.0149622079733514e-06,2.3017548789038076e-07,1.0012413082191096e-06,4.350801387982155e-07,1.3854272902006522e-06,3.813294829895039e-07,1.928353565216067e-06,2.6672319388031444e-07,5.834310259806244e-07,1.87017165593415e-07,3.183211436311899e-07,3.738854363975564e-07,4.3851927889532157e-07,2.2942510307080103e-07,3.7397672816523803e-07,4.3201061647609273e-07,7.248518237721036e-07,2.2132382951115285e-07,5.860721113395335e-07,3.7533732805982204e-07,3.7673736783812783e-07,8.739647183920867e-07,4.6077197441411184e-07,3.478620092552173e-07,2.5136743151367223e-07,2.0424181414382815e-07,1.9437215108116157e-07,2.958218858354185e-07,3.931101339058267e-07,4.664880434752425e-07,5.603443365597527e-07,3.1861270878985007e-07,6.080624288328342e-07,4.4328238241329575e-07,4.1205132507876054e-07,4.2742080116213777e-07,3.162490376719836e-07,3.9368640079597194e-07,6.929260667066242e-07,3.774047908389753e-07,7.488431198846204e-07,7.916121015037435e-07,6.776598565968231e-07,2.99711114664523e-07,7.932807655573836e-07,1.0096486053679645e-06,8.062404699990537e-07,2.2639266873666577e-07,3.7154233314454945e-07,8.747118335726866e-07,2.8363957030646387e-07,6.0837797275317e-07,2.526509442089946e-06,6.420655475676779e-07,2.7330588686073696e-06,9.210365528298145e-07,3.576360456247403e-07,5.495062960059434e-07,5.839475966875293e-07,1.1454480222374973e-07,2.7108060919971703e-07,1.375946901528531e-06,8.776799014527134e-07,4.835779945484263e-07,5.84214967875311e-07,1.1373320931929896e-07,2.6945577176199623e-07,7.016291563267597e-07,4.50894100615319e-06,8.295010958248978e-07,2.999581707831606e-07,4.748909377259302e-07,1.3104201988018484e-07,5.969751311065662e-07,3.015183939683714e-07,6.590190287083025e-07,7.18355496805371e-07,8.794226325815873e-07,1.3120608498786356e-07,3.4957537584930166e-07,1.1405993876931704e-07,4.6665890778325574e-07,1.8827699844787363e-07,3.056223867259561e-07,5.294397138748097e-07,5.101837545681126e-07,1.4676010049026878e-07,2.452374729846603e-07,1.353379676802655e-07,1.1315504987604207e-07,1.9699371857150126e-07,1.369918055292231e-07,1.525039347712487e-07,1.6825101463989158e-07,1.3519761415003798e-07,2.752738910207338e-07,7.698862492157383e-08,1.0353314608958e-07,1.2000529376023663e-07,2.2966327756331144e-07,1.2216696072489807e-07,1.4858978984374396e-07,1.4516986054222694e-07,1.694516431147728e-07,2.045162488372609e-07,7.122674472225523e-08,9.264521556862016e-08,1.1773087919952435e-07,1.550663353164017e-07,1.441368788325558e-07,1.3991558471721543e-07,1.9153396452779645e-07,1.574313852126703e-07
15,i,O-PRON,1,4.424024776172023e-06,0.9781774252557408,8.379937900564707e-05,2.711219759740183e-07,5.923113575952467e-07,1.7509701080388373e-06,8.940351436696173e-07,6.45247681331078e-07,6.241139448625931e-05,1.339605178800382e-05,1.3061039787790593e-06,5.911756237526093e-08,8.257098891953146e-06,2.6879961176342546e-08,1.9916381028165798e-07,3.1661599428390973e-07,1.5583485781857667e-07,1.2029129114751486e-07,1.176016072168148e-07,2.0048033143285414e-06,1.0149965380904103e-07,3.6249159963045382e-06,7.566073678284129e-07,6.554488579855317e-07,5.069229231092556e-06,1.5657748092116702e-05,3.242540130320517e-08,1.237462668576298e-06,4.1726485297495244e-07,5.760885850815079e-07,1.9932190091806587e-07,1.31574979061527e-07,1.2169850683878504e-08,2.568098103154888e-06,9.266531517626067e-09,1.2647651116429903e-07,5.1065274378285175e-08,3.0585665819816014e-08,1.0756184644006565e-06,7.435648929582571e-09,4.676314135357344e-09,4.211411225137483e-07,0.00037485283433926283,1.746871965130126e-08,0.020696780967719666,1.0683920198680395e-07,9.60803463197527e-08,1.419840778702043e-06,1.3041211645203753e-08,9.909364037245868e-07,1.6516244805787273e-06,3.332313941555339e-07,1.3366781984598717e-08,2.861696820418578e-07,3.929075406279867e-08,3.498208304404307e-07,1.230800465598737e-07,5.614740971737008e-07,2.8164706736881073e-07,1.834279129129173e-07,9.6118789452248e-09,7.3080931861081236e-09,9.076184440407252e-08,1.0417971112273782e-07,7.691138449914477e-09,3.946272459319922e-09,3.2153327644051475e-07,7.936682042630209e-07,8.57534472295029e-08,8.186120787858654e-07,1.2488944960865781e-09,0.0002000206706013583,3.7954155080667435e-07,2.5802214070729117e-09,2.807545850270287e-07,8.782780723525453e-10,1.713560644924833e-09,8.344039429436904e-08,2.531396705800067e-09,2.174939135030776e-07,1.225407592700504e-08,1.6146120229852636e-09,1.998470319926662e-09,1.4430460376490306e-08,4.723069717977686e-09,9.288899045465172e-09,1.5315740207713998e-08,1.2240620589695676e-08,7.880688168120706e-07,7.577858657428621e-07,1.3376983921171184e-08,7.800344789930167e-09,3.219074287565298e-08,3.7536271933493615e-09,1.8822653823301864e-09,6.6508462913698444e-09,6.139982409213968e-10,7.241025030700794e-08,3.51877741952505e-08,1.3855164329023598e-07,6.027067523486014e-08,6.228473728977528e-09,4.426634621536681e-09,4.117887000232619e-08,6.325764768150438e-08,1.0201237138349593e-08,1.2684801047104771e-08,2.111578472039631e-09,1.6263269293879012e-08,2.7519080666068493e-08,2.4864452593688015e-08,1.0853528149317091e-08,1.0165498427015006e-08,1.4056704423013272e-09,7.944436494424612e-07,6.87477548698655e-10,1.277371735523013e-07,4.019441787715974e-09,3.236311987655377e-08,1.0737233818444047e-08,8.244339332054139e-09,5.294576216621245e-08,4.534084218379143e-08,1.3463443548654913e-09,2.653528725299582e-09,4.670609226787106e-09,3.9792742169790694e-08,2.623254544087505e-09,9.840751521502182e-10,1.861125164970198e-08,2.4767515279697447e-08,2.3513984157695497e-09,1.8563098100973614e-09,2.131772807015438e-08,2.2888813396155507e-09,7.563840063302049e-10,4.8192955476273546e-08,7.734473045524261e-10,6.006542074339144e-10,2.3911910373413406e-08,4.249640148479296e-08,6.313463559451959e-10,1.8228019600836254e-10,3.809843036371999e-10,5.702172644009698e-10,9.032250792446102e-08,4.100970285116155e-09,3.366658960684262e-07,3.92788951569466e-09,7.726897991798786e-09,1.302454999041481e-09,7.401438670867799e-08,1.930309312599276e-08,1.4435793659659326e-09,2.7844408659196983e-09,2.5597513479211818e-09,3.7280551365302676e-09,1.718215432049176e-08,5.438673036959548e-07,2.5362682694459473e-09,3.0229431954607667e-09,0.00025262614407170936,5.753331052600392e-07,3.6366851354474804e-08,5.152567246802519e-09,1.2541610672739676e-08,1.4871325776749425e-09,3.59726742410967e-07,3.5214746995746618e-09,6.003040441250655e-09,2.3998985880396676e-09,7.735155618521667e-09,1.5454245525163808e-08,4.9715177587672576e-08,7.612470040932489e-10,1.8468169522279916e-09,9.145167098056275e-09,4.874929684709285e-09,1.668550881733835e-07,1.929661429332636e-08,6.549732991842324e-09,5.967949494825511e-08,5.772186740408512e-09,3.0273745797576446e-09,4.0996074004746873e-10,3.3685311015978384e-09,3.70696589108837e-10,6.292092391032338e-09,3.6893477275922806e-09,6.552953547843734e-10,8.916462344574535e-10,4.474594026185871e-10,6.38924941520577e-10,5.584682977921261e-08,1.914066798587347e-09,7.474325228436951e-09,4.098342941795355e-09,7.065135669554201e-10,4.172662324067136e-08,2.1637579797699164e-08,1.1449237977395157e-07,2.8894367973622824e-08,2.9562529620739812e-09,5.4175054793938304e-09,1.9793379082345707e-07,6.364124831992728e-09,6.239868224344653e-08,4.591467431529743e-09,7.495822032464532e-10,1.3106601658755808e-07,1.0140744110602615e-09,8.27986360889226e-08,8.928686136702185e-09,8.669839769565156e-09,2.1217846193866753e-09,6.030767213411439e-09,2.0793490737984225e-09,2.249486581457855e-10,8.685729263141466e-09,4.4107226490174276e-09,1.3825643802130182e-08,3.854491507175815e-08,8.27256643845901e-09,1.0291605686736082e-08,2.021904244653012e-09,5.174470568700089e-09,5.845933584014285e-09,1.2275076436208777e-09,3.517500669103325e-09,1.9248449649154665e-09,2.281287758987709e-10,4.5938652842250195e-10,2.7362572850125757e-09,1.8160280229328317e-10,8.481187214031959e-10,1.5277461380487812e-08,9.564800060872542e-10,1.2499621227508566e-09,4.386827993200511e-09,4.323050474853556e-10,2.545884146942428e-09,8.924599843900783e-09,8.221475742442628e-09,5.088049888463691e-10,1.5293788187634374e-08,4.9867292864536246e-09,4.2455202053061925e-10,2.448651746331522e-09,9.30851018081108e-10,1.231150771538142e-10,7.292967300090838e-10,3.585892123416602e-09,2.598554399140637e-09,1.478399270909484e-09,5.701302627892619e-10,8.198425359309095e-09,7.491044494916491e-11,8.161230770634999e-09,9.606632190710494e-10,1.6256376101348233e-09,4.641197337919404e-09,4.241750517848245e-09,1.1147215961260984e-07,5.40233438971628e-10,2.111063012876552e-09,5.3884855537090374e-09,4.0430757036118806e-10,8.033774993762333e-11,5.07392269536352e-09,9.019089274088983e-10,1.0321486093650158e-08,4.2067869712222793e-07,1.3379477775282755e-09,9.796372605264853e-09,1.7037632063327775e-10,3.677220185223845e-10,2.3203895364533416e-09,2.5601419647808288e-09,4.3357342324425046e-10,1.1153074365558357e-09,1.1127199828863697e-08,6.551332242961676e-09,5.104986163562836e-09,2.8829380036520475e-10,3.5934390587244416e-08,8.575373072097814e-09,2.1805289014144013e-08,9.246757199428973e-09,1.4586804043325393e-09,3.9477178921073745e-09,2.850568392638092e-10,4.2260012009621427e-10,2.1765542777418732e-10,9.303114354757182e-10,3.663095524077137e-09,1.2712315612799715e-08,2.1494833412548833e-09,3.174889005652301e-09,2.672065215465999e-10,3.2723735988688593e-09,3.7313682976017595e-10,8.501112091991641e-09,4.956704311975491e-10,1.7178540998539647e-09,3.2356421039154517e-10,5.313532156935295e-09,2.7008324124413692e-09,1.6831375413322557e-09,4.255494218357825e-09,1.5540371675125138e-09,2.5048081029881358e-09,2.058645906459677e-10,3.507103542166655e-09,6.055314881230566e-10,5.51054910592065e-09,1.504932987912445e-08,1.4011306373849403e-09,8.353776590580452e-10,5.175909085610301e-10,1.3647945084659822e-09,7.880044853767653e-10,3.2208537114020896e-09,1.164701761691544e-09,4.319739226358516e-09,2.9542688392293727e-09,1.8109857416821185e-09,3.1643455496984215e-09,3.211518815136986e-08,7.671915888294589e-09,1.4062282224856957e-09,1.9901389204385623e-10,5.691393821528615e-10,6.7058961407251e-10,4.6548145330687715e-09,5.063730027657117e-10,3.0872624133719543e-08,6.430523872256021e-10,1.5692345779565545e-08,7.4132179496197045e-09,1.6566384103190646e-09,2.3430175855596927e-09,5.74479114772737e-10,1.5152096175771972e-08,4.4389595870194024e-10,1.3618866069763723e-10,2.550247173887748e-10,2.519835373268767e-09,4.0756565005387224e-10,6.671399711468363e-10,1.4935454645689471e-09,1.2684455876883502e-09,1.1923582553466023e-09,1.5374327524185942e-09,2.052867336546372e-09,5.549043597553456e-10,6.701190894918829e-10,3.2362239233238416e-09,2.3012860467753638e-10,1.8491917190913318e-10,2.337446966927e-09,4.155140154272467e-09,6.757688515342729e-11,1.5101366797455996e-09,2.7943153630929705e-09,9.954320635676199e-10,5.143612136986686e-09,2.3106455753345616e-10,1.5356040106642498e-09,4.410991866379264e-09,2.2759333604170836e-10,9.67282268606818e-10,3.510541726258241e-10,3.644597555938945e-10,9.272189085994018e-09,6.762823832616893e-10,9.310783043742242e-10,3.1253910958641704e-10,1.1869448445034448e-08,2.633762789226794e-09,1.4673420054286367e-09,1.1883622986965397e-09,1.0258367538811686e-08,3.6932904813878786e-09,4.467484092187673e-09,4.053934763788892e-09,1.551104697311841e-10,8.501112091991641e-09,2.0344068729942666e-09,1.9835904222008335e-10,9.004453769153955e-08,2.6111143060719303e-09,3.4697370924632708e-09,2.8834564013084756e-09,3.878588470834336e-10,9.11148980178493e-10,5.860421535627604e-10,2.2026740222548604e-09,8.814734183798798e-10,2.1941608229262055e-10,1.2797255075077217e-10,4.047740285862538e-08,2.6129563398999165e-10,1.3875566593878319e-09,7.888706886933652e-10,4.053068842386496e-09,2.9030578608525193e-09,2.024188568050291e-09,1.2487379242593865e-08,1.539639514682992e-09,4.028037419586777e-09,2.2123075268867645e-09,7.601997947849722e-09,5.9553959283855665e-08,5.929683287025646e-10,2.968104946006746e-10,1.3286706390689421e-09,9.13208953776783e-10,6.5049135957610715e-09,2.744461993856372e-10,1.0502919730894465e-08,6.483530787454442e-10,6.562159100253669e-10,5.898279772370242e-10,7.351239778698341e-08,5.230514946850404e-09,4.593444722548978e-10,1.3304559410700748e-09,5.053232694615292e-10,2.471927015488401e-09,7.823734241731043e-10,3.793009001056748e-09,4.6684716808403255e-09,2.341730880996131e-09,1.4659992284683376e-09,6.850458892484759e-09,1.0532162741492462e-09,1.712567352228878e-09,1.7538218677843387e-09,6.910112647230318e-10,1.9753682775557973e-09,2.0800540910559542e-10,5.792479942671626e-09,2.6780975077281505e-09,7.224077422489137e-10,1.1888338494399546e-09,4.204646761131618e-10,7.666792140058523e-10,7.648305336556957e-09,2.0797933181318087e-09,2.112867670651553e-09,1.1499738760263236e-09,9.156926595800746e-10,1.5568853013012396e-09,1.9166450191815977e-10,5.597346131543496e-10,2.182466759951052e-09,3.580861748905078e-09,1.8680734938762293e-09,1.6084698172477751e-10,1.048662040543183e-09,1.3098691069990236e-09,8.135369488222065e-09,1.472320983085242e-09,1.048406050787212e-09,1.9340959199002648e-10,9.890999596335514e-09,4.4799227938060374e-10,3.672161617918038e-09,5.765163971816969e-10,5.232128713710779e-10,1.4065669318793592e-08,7.120501136120513e-08,6.638274190172777e-09,1.9202749167196773e-10,4.62197447478879e-09,4.0939813104776486e-10,4.171275613849766e-09,4.911681319557026e-10,3.5663688575300314e-10,4.154139572664623e-10,4.973978737111877e-10,1.9747655349743345e-09,1.1125199342811168e-09,1.606796426389863e-09,1.6483732924096293e-10,1.7608473355030021e-09,1.1641687255480718e-09,2.797557720779944e-09,1.1894144764611092e-09,4.8163709028812734e-09,1.248094374558123e-09,2.952736565522884e-09,9.408755809864717e-10,5.472691854218003e-10,2.7099052037361194e-08,1.3262399964660108e-09,2.3724535205877696e-10,2.8018297135380415e-09,2.442606340702422e-09,6.227353952662283e-10,3.9067426981853307e-10,4.939339141244323e-10,1.1149330980907062e-09,5.753036964204031e-10,1.9850977965251853e-09,8.05805702162688e-10,1.6283684800833247e-09,2.219882062267536e-09,3.6726220484399997e-10,3.6484804243828566e-09,5.227659810194406e-10,3.2000935107975485e-10,3.50132877319417e-09,5.456182489334392e-10,2.0829056871083737e-09,2.7149635618847497e-09,8.869240892372378e-10,2.089080650169943e-09,3.848157453469599e-09,3.240770152549935e-09,1.112825538973704e-09,9.003933963601033e-09,6.963034246046424e-10,7.496508326883578e-10,1.2984070297920196e-09,8.534933632820759e-10,5.328976958707122e-10,1.0820822290790273e-09,9.238889835126602e-10,1.0095012315374853e-08,3.987067012503005e-09,4.605937772761977e-10,1.4372932921088662e-09,8.412875108994753e-10,8.100712365417723e-10,3.760736116478918e-09,8.656913533671477e-10,2.224832990989068e-09,1.1795822710253005e-09,1.8773891241841323e-09,3.34190901181532e-09,8.919728248577309e-10,5.752159187399735e-10,1.0849258965569267e-09,1.4709736498207831e-09,7.636410799728445e-09,1.1222382887520807e-09,1.8358593143994698e-09,3.4751530721866123e-10,6.658585551115908e-10,1.1729772019695856e-09,1.0207465379891545e-08,1.4597491651134165e-09,1.1495879022207331e-09,7.481652672804298e-10,4.337851807117122e-10,5.118089463770906e-09,6.512703319325042e-11,5.277333051582484e-09,6.793852548226222e-10,8.125196711012725e-09,2.9058151898033094e-10,1.1369925774464872e-09,2.815715829939276e-09,2.1948902557216796e-09,1.5964344485947382e-09,4.578454702860702e-09,8.334423827774595e-10,4.306050850276192e-09,1.5014057310315597e-09,2.3252807585589245e-09,8.943714790976883e-10,1.1975000017809555e-09,1.1928677945951255e-09,9.5243126541248e-10,1.0761873119775694e-09,5.775729972842517e-10,1.214392097305943e-09,7.733292948633686e-10,1.7701143645860636e-09,5.094731094509749e-10,5.766043733145292e-10,1.3312276083372541e-09,1.158710310126497e-09,9.807472852983113e-10,8.621058418735569e-10,6.378923593947884e-10,1.2516798637130557e-09,7.423429989789121e-10,8.455086105465458e-10,5.562947143165598e-10,1.1496580696392862e-09,9.701202585600842e-10,4.781823108340488e-10,7.931675960760113e-10,4.323842121512388e-10
16,got,O-V-v.stative,6,2.219039922258632e-05,8.180822146491517e-05,0.01807630930580427,0.001013002662100985,0.00022662544754555616,0.00020174946820696114,0.6850695840795098,7.708660293483407e-05,0.005623583792504603,4.724593011017577e-05,7.137835619189338e-05,0.009069666145216149,0.00016199650597571513,0.008273412227559762,6.41434595460842e-05,6.304310277172486e-05,0.05039085561177735,4.2163986919652206e-05,3.4602800919914366e-05,7.645662454729736e-06,0.0008871230533397266,1.8637211793354967e-05,2.450936966726008e-05,1.6639688567420288e-06,8.022398938472954e-07,0.0015339342579168394,8.859143975121293e-07,2.9675124678377238e-05,4.9388053156612144e-05,1.0726974329370183e-05,1.0988134379947668e-07,0.046248304796226714,0.0014325792205601435,0.0014149388769630156,3.876643827807535e-06,9.914138225173353e-05,2.8419221617455683e-05,2.9413752885168896e-06,3.318895370841802e-05,7.031963010507937e-08,2.324824283306727e-05,0.00014554103403786024,5.6933843447420344e-05,8.014052739558798e-06,6.380396766481847e-06,0.00010409287267961574,2.0425916337744163e-05,9.448307464890964e-05,8.033151881548344e-06,4.5315642937251e-06,8.744391518242199e-05,2.254053503500859e-05,2.9535987494370384e-05,1.121542414724906e-06,2.341199727588928e-05,9.339687234366438e-06,8.56116802345337e-06,2.207692123268466e-05,9.22978034756223e-07,1.5104854363730096e-05,7.232340265733216e-05,7.115698606968951e-07,0.002003988234475676,0.000521974487549056,3.908134892369001e-07,2.7308168527730983e-07,1.4228290020326678e-05,0.0002777096745366147,7.334409120126859e-07,3.755754640386287e-05,1.5618189477002869e-06,0.009178817148352291,1.5517470226012022e-06,0.001114196700130344,0.000311115012078946,6.853714028935314e-05,1.8111888599374453e-06,2.0906474544355867e-05,7.123761389021911e-08,0.000403006108771466,5.498884964825594e-05,2.4220870031978562e-05,1.7331547230850973e-05,0.0005473752497564379,9.548081839963232e-07,2.0409783151197267e-06,0.08548262511908257,0.02056833163023889,0.00214465754801036,1.8791985576819728e-05,9.035223629024528e-06,1.3642812667583006e-06,1.331453779063333e-05,1.2006677466220328e-05,1.6538941997748716e-06,1.282014823527413e-06,0.0003310084351024376,2.3830162167518614e-06,9.929949254831929e-07,1.6227520155510805e-07,0.005117519401554359,2.9490053542264803e-05,2.9396799917513526e-07,9.225556256311253e-07,3.0399252784941998e-05,0.007000371974058109,5.389418854562667e-06,2.2663386215675634e-06,5.687306400738401e-05,2.897797180994708e-05,2.659492794646339e-05,2.326819368662935e-06,1.0320157988785413e-06,2.215122975226384e-06,1.9459046383697757e-05,3.7817600125073432e-06,3.846605649519283e-07,1.681432223008112e-07,3.086854958774068e-05,3.817370044207818e-07,1.533850778290871e-05,0.010357883853928745,2.396280866853704e-05,2.1062800872433987e-06,5.62381118801806e-06,3.0135281045081355e-07,2.6080535475970972e-05,0.0006929826360907571,2.317960165511906e-06,5.422266295991551e-07,0.00017984537825342797,5.2390897163874785e-06,9.813962338939103e-07,0.006292927737993217,3.8269347516380257e-07,1.8442140000515452e-07,3.027262177401688e-07,5.564553099363197e-05,1.0195601264710102e-07,8.6315029928068e-07,6.075986909403759e-07,2.2338520387614194e-05,4.5634985144345025e-07,1.2612191156064398e-07,2.678970108961185e-06,0.00015243728015012917,5.541391737464995e-08,0.0015838344671056084,0.00010562566981540994,1.131546757991156e-06,2.0432285877087628e-07,1.0121750096603816e-05,9.255134945258762e-06,9.807043872549571e-06,1.184259560343088e-06,5.104640838623902e-07,6.896771576391332e-07,1.4941688936456472e-06,3.200724290982534e-05,6.797103257410282e-07,3.1898135354813244e-06,2.6528546599878856e-06,1.540517230473806e-06,5.244545942634435e-07,6.2187256188096e-06,6.850809079782801e-06,1.2527415886035673e-07,6.161842897184317e-05,1.8741014584375688e-05,1.984647534940128e-05,1.5033623428854699e-06,0.0003030189879579067,2.5139811788749893e-07,2.0839659083404288e-06,3.4805199743538097e-06,3.4390260019960686e-06,6.411040256637136e-06,5.42905499403305e-07,6.347747499692373e-05,2.314779116395054e-06,3.6335549194016934e-06,2.8513137274532245e-06,7.947588904206601e-07,6.702147023613327e-07,8.088747811841233e-06,4.461445051653704e-06,4.658209670350883e-08,1.1818406050231207e-06,5.254621473622177e-06,1.9443741147465446e-07,1.0777213346296627e-06,4.874616036749282e-08,0.0001524093706057654,7.927483461368119e-07,2.95441985793319e-06,1.6252246559007373e-06,2.571383342498312e-05,6.087142688960326e-08,2.053598889706275e-06,3.327120574712388e-06,5.919641009482524e-05,0.0002864988949439065,0.00022850049805314178,4.538884714817092e-05,1.365530875500786e-06,5.362203266653533e-07,0.00012875739715931432,3.4379766546750084e-06,6.70394375101413e-05,6.7701682494500315e-06,1.195406903185976e-06,1.299420485758379e-05,6.991687781953929e-06,2.6402551182726938e-06,1.343171035898339e-06,2.681678270667923e-07,9.521343554899444e-08,1.0428115407277476e-06,6.643477577660964e-06,2.0751445660392383e-06,2.530676433903617e-06,1.5059337622713541e-06,1.0129817945379554e-06,1.3919961964158948e-06,2.34442483520417e-06,2.184318015490851e-07,4.073737370430687e-06,9.479014945404972e-08,6.656240658570589e-05,4.2517156747620925e-08,1.507502110164726e-07,4.0774821758528613e-07,9.649371176073333e-05,3.3114197106738485e-06,7.87013930853032e-08,5.236407009517457e-08,9.074215766952918e-07,2.122346416173825e-06,0.0005667881810985319,7.965071067552109e-07,5.683353433489718e-07,1.164228236466517e-06,4.780900194986296e-07,2.2855855787140702e-07,0.009469606084926295,4.839175391706485e-07,3.5561175767291184e-07,8.105357204838565e-08,4.923354317850935e-08,2.5555975744805995e-07,5.290861234758054e-08,4.343755592142719e-06,2.082948595249413e-06,2.9896006614485987e-05,1.7990205528028848e-07,7.808867583272542e-07,0.00017289228336856915,8.002077790679675e-06,1.1212381228774418e-07,4.916597760021438e-08,4.878139240022884e-05,1.627066194295125e-07,1.1617399906263199e-05,4.439743104559362e-08,1.4378054812946121e-06,3.70309706264965e-08,1.203720802400998e-07,5.293445293917816e-08,1.3171113638077557e-06,0.0003873543486438482,6.374147879452121e-05,3.806061390095319e-05,9.590718868172686e-07,7.565611895887599e-07,6.6878228654031555e-06,0.00041848495064587035,1.924362365940731e-07,7.891758914682286e-07,1.6915141648769848e-06,1.0027735624510273e-07,1.458220856117104e-06,2.089251199398009e-06,4.5731180565251447e-07,5.515055065239e-07,3.4184240313873873e-07,1.3592942566029068e-06,9.723335873219523e-07,2.1289631340691007e-06,5.97578611221753e-08,3.575160097279049e-07,6.343743642223537e-08,0.0001734948238103085,4.3018193323783433e-07,7.409122371891294e-08,1.017660542864749e-06,3.5555749976458225e-07,3.216019706957765e-07,4.195504604061712e-07,3.292084477465403e-07,1.051664176206432e-06,3.668341240554219e-08,6.313036487497543e-08,6.456219263545592e-07,5.824722786476612e-08,2.325556935597437e-08,2.3716337161971788e-07,2.3114060913835488e-08,1.4301083233166137e-07,2.7869912649713943e-09,1.1144457962821441e-06,2.000945952612889e-05,1.4288479469787663e-08,6.390746099458257e-07,7.16669448374987e-07,2.187446056495988e-06,1.2019915381090603e-06,1.0480757569625605e-06,1.1050382643070768e-08,5.522315235252997e-08,3.7161037080646425e-07,3.999470819360823e-07,4.6968785096636216e-07,2.3566912081758624e-06,1.2558762749785204e-06,6.788396730899774e-07,9.393170268239979e-07,6.08138670167128e-08,1.8036262907319045e-05,1.3216612449309356e-06,0.0001976119453570997,4.784695139225206e-07,1.2802987558341254e-07,2.007816737446097e-08,6.323041783849689e-07,1.8031428999252806e-07,6.678688999644269e-08,3.823795394338244e-08,1.095963192897604e-06,8.381272090027452e-07,2.912000435431772e-07,5.411521118516043e-07,1.0874711210829386e-07,4.985918981136309e-06,9.967292973100278e-07,1.8428014209323044e-06,3.221727816113887e-08,1.881448923819917e-07,6.119158018483141e-07,1.6303466687867326e-07,1.6336728111410364e-05,4.1473848342113475e-07,2.3474472215869795e-08,4.1244132859373776e-07,5.961922607683077e-07,6.559713034337978e-08,6.487446334857952e-08,2.1657988007141445e-07,7.091009518161774e-08,1.025426465960641e-07,3.366956070840896e-06,2.04310388273839e-07,3.7085132362329697e-07,5.110563960860195e-07,2.444976697886302e-07,2.226720183259428e-07,7.321215126033231e-07,3.0141619678411305e-06,4.001668397825909e-07,4.140163034348576e-06,1.1622757570719268e-06,4.0213782964955493e-07,3.23620252622846e-07,1.1820970082524594e-07,3.629134131143929e-07,1.4391711112163024e-07,4.2840021015609157e-07,8.072032855335202e-08,1.0034130978789699e-06,2.2202665520843907e-06,7.387898631954167e-08,1.0976069083848354e-07,1.3008928561819325e-06,2.624278119258844e-07,7.081926522065043e-08,7.866991611707271e-07,1.030914075570112e-06,2.8767669365010403e-08,3.502469606862822e-06,6.34897287999683e-08,2.7744227480616758e-08,2.2990871546349905e-07,4.64910511420602e-07,8.628869269032404e-07,5.277798780148364e-08,7.801271248430083e-08,2.72507258653453e-07,2.0350764690126252e-07,3.989609830446713e-08,2.1019275742380785e-08,9.054052814126548e-08,1.5067102606216295e-05,1.944848873409733e-07,2.545867314199326e-07,6.846674222040679e-08,3.456397973269469e-07,8.497712034829331e-08,2.762154652185311e-06,1.300853156688331e-06,1.8227899081773524e-08,1.515065893702141e-07,1.7893837480139774e-07,5.048883208895562e-08,9.368009280918023e-08,5.895361477066323e-08,4.3431215538279266e-08,1.0664014555910447e-06,5.563213123025367e-06,2.8535088039213822e-08,9.824215523220005e-09,9.085606755551021e-08,1.6867258019712852e-07,2.9954652364251546e-07,4.802086913278005e-06,2.528137480688319e-07,3.6388934396435247e-07,5.045340619501621e-08,1.9473496965980875e-08,2.0488481964589823e-07,7.296926301448447e-08,1.1522848231190402e-07,4.631954048065848e-06,9.117797013025631e-07,3.3405613570821544e-07,7.897567237198501e-08,1.0383374180111589e-07,3.969934483271396e-08,1.3066265698211618e-07,2.136454965084595e-07,1.6677308451630595e-06,2.488562588509256e-07,7.344512597599489e-08,8.380504796774504e-07,8.021419701496633e-07,5.885474608283129e-08,1.797922852823038e-07,2.152291634392745e-07,3.141233089042211e-07,2.045405395349427e-06,1.871256359460469e-07,6.174704439931783e-08,2.198294500332937e-07,2.462949981845191e-07,4.978366247426371e-09,9.373473733738617e-09,3.935795875710355e-08,4.101944499592513e-07,7.659959309684357e-08,1.439215031903297e-07,3.5693821941586953e-07,1.4962728402288052e-07,5.49055518369637e-08,4.4159461552775186e-07,8.38078825926052e-08,3.91709014782864e-07,3.0236713128747406e-08,2.0559258179794434e-07,2.1584818107713047e-08,3.845562005762087e-08,1.307739225931949e-06,3.6938418643542656e-08,1.4521860128090578e-07,2.6171600816442986e-07,2.245623255699217e-07,9.044939247726986e-08,2.5322382502102456e-08,2.398206751740912e-08,1.0583645098291474e-07,9.187656695937179e-08,1.394684254284814e-08,1.9551439354940387e-07,9.993824628066984e-08,2.780770977577983e-07,4.4943936225064424e-07,3.827752360426793e-07,2.9743320092598155e-07,3.4517599285000745e-07,5.709952136267079e-07,6.913840958802967e-07,3.40624011937987e-07,6.240799793921632e-07,1.449042898000731e-07,4.723054104079717e-08,1.744794100132713e-08,2.7692627639525587e-08,4.2019113227334974e-07,8.367499215591016e-08,1.4855351746754336e-07,5.3990023754624796e-08,1.3118606605548026e-07,1.4565355993801628e-07,2.223121526655266e-07,5.680771176072373e-08,1.1877743319927753e-07,2.5336212564716315e-07,2.2635812659231378e-07,5.632951921982164e-08,4.884891393253268e-08,2.056120849513462e-08,6.053611942484641e-08,2.0156069340090327e-07,1.2545014329647087e-07,7.668847471800091e-08,2.759055766545089e-08,1.1342818321869822e-07,1.4573359180751595e-07,2.056120849513462e-08,1.8118029556749023e-07,3.660501081256987e-07,2.1333927884181923e-07,2.084290810977959e-07,7.268256468826117e-08,3.7283718145805423e-07,2.2618549490913576e-07,5.04147613153636e-07,1.4892020005331356e-05,1.8880635094658576e-07,1.4853036070391645e-06,4.600694283142113e-07,1.0283095162879603e-07,3.5262907161882434e-07,4.1674446674807945e-08,3.1562233439871277e-07,2.742509120697219e-07,1.887090476867201e-08,6.887329571060319e-08,1.5590569427810136e-06,1.3578476376928306e-07,1.7213062390899328e-07,1.1087467068900193e-06,2.173413071544369e-07,4.864197767636678e-07,1.7082814631455e-08,9.907280147068922e-08,7.189719651305337e-08,6.384508182823981e-07,1.2210732344967315e-07,1.7680511194629037e-07,2.0231937475326076e-08,6.21516192862647e-08,1.705312487222224e-08,1.2519772091113926e-07,1.0586194314668068e-06,3.0673328623799386e-06,4.003500635579269e-07,5.511353573220355e-07,6.223302591373561e-07,6.740481810277513e-06,2.351821234236863e-08,2.0846724909666945e-07,1.313022183954496e-07,1.1416055020822148e-06,3.6169717943627755e-07,1.503642612816426e-07,2.3417868626359355e-07,3.316993451449165e-07,6.369932971984932e-08,7.462904338526362e-08,1.1093934498519559e-07,5.160873792890433e-07,4.2332015567434286e-08,3.623833888389128e-08,2.001698707153115e-08,1.3348438101619231e-08,2.7316593896520746e-08,2.3325936261924527e-08,4.6404738605387795e-08,4.662476341506041e-08,4.3927079440798165e-08,4.40277356946947e-08,2.201658670412104e-08,1.792505019132685e-08,2.1150541228175712e-08,4.559198353521984e-08,5.547483037693161e-08,2.7150374416461273e-08,1.9446179082615612e-08,1.6942117851866215e-08,4.2403128113337436e-08,1.1756252441124818e-08,2.213853581385086e-08,3.1665569288181406e-08,4.981541282855825e-08,4.654799144814198e-08,3.408851135202357e-08,3.1444085508121e-08,7.006044477549644e-08
17,excellent,O-ADJ,3,2.7864625748384205e-07,1.310020351308902e-07,0.0007986411180831893,0.9602242971880874,3.2617726715467084e-06,0.002122843576677819,4.947403853572487e-05,8.789157668475967e-08,1.324649326276214e-06,8.28309435248565e-06,6.144045161179934e-07,2.575554259040887e-06,4.335558919566764e-07,2.3256125305813735e-06,2.0647914833082062e-07,0.00012408200614193564,4.746285749084342e-06,6.973574887342219e-06,7.365812132895935e-07,8.63419460756703e-09,1.1661166747754053e-07,3.533088590358269e-08,5.211519843696068e-07,3.3988676452852947e-07,3.809688987598937e-07,0.00030090871450523966,8.551041243553493e-08,3.253234089569906e-07,8.658441559205968e-08,8.221448563236926e-08,1.994449131652862e-09,3.4995848494832902e-06,3.840506257806416e-07,1.5350733807070236e-06,1.2686778682775418e-09,8.607771476000251e-05,0.001104783966285631,1.65682969441894e-07,3.0243996056658003e-07,3.067924985692493e-09,5.801090739203171e-06,4.481412111531908e-09,7.0390017870978294e-06,1.1505943378232745e-06,1.1572146212428322e-06,7.992585921262179e-07,1.0847496044078298e-06,8.276074255504362e-08,7.708291738776168e-09,9.065081905066554e-07,4.74236086317958e-05,6.920384857855862e-07,0.03403689966509313,2.407005348047466e-08,9.621238323793749e-08,4.497412111866877e-07,3.894311527283708e-06,4.5398844453417807e-07,2.1855776992921344e-06,1.2694398542268121e-06,5.680771176072373e-08,1.2224568298264729e-08,1.8820169623445216e-06,5.9339886733361646e-08,4.5966700129273637e-10,2.718777527477137e-09,8.974580640948353e-09,0.0002750612258281375,5.315136394461306e-08,1.1516871741463381e-07,1.520763626131626e-07,3.518014177686697e-07,2.2293186768822523e-09,1.7467537986091294e-06,0.0003604924477692245,1.2530092316650172e-07,9.06981606280656e-08,7.954652008480897e-08,1.2406092864163954e-08,1.2704904715742777e-07,1.7239873599713198e-07,7.98551553381172e-07,1.135386316870135e-06,1.964354164932434e-07,2.973878196836525e-07,1.032365710760785e-07,4.180026920682221e-06,6.862968571825262e-07,6.591598253993373e-07,1.917328028597371e-07,1.6966953593112478e-08,3.9892445874773975e-08,2.361450551950237e-07,1.2965021726353998e-08,3.1082493266022345e-08,8.137825682074949e-08,1.9503104895444076e-06,9.245597948847881e-08,9.196663802431506e-09,1.3227234607391199e-09,3.1088928358707676e-06,1.0668571687912255e-06,1.8135238089896698e-08,2.8178276084255833e-05,3.8725181381404937e-07,8.975402325959082e-09,2.4735790143236266e-08,2.5682019468972985e-09,4.973777617193189e-07,1.4909349109916795e-06,1.1614679162984725e-08,3.895763685730595e-08,6.193326491268499e-05,1.30102056395163e-08,7.14224076080078e-07,2.9068314773368358e-05,3.6202967155237954e-08,5.4250980259441726e-08,2.2085827540401436e-07,6.665476034132464e-09,1.570528120254763e-08,5.974145038919127e-08,0.0001121808845052441,1.1741910302559285e-08,3.3153851813554634e-08,1.2969021814800095e-09,6.256054735721427e-07,6.933279652947298e-07,1.5588769467289397e-08,8.74661338553227e-08,3.4299073976454595e-06,4.824740330488343e-08,4.376264578011799e-09,6.612372151973371e-08,5.0877057091729474e-08,4.450081733746775e-10,4.173567593432805e-09,2.7840068227542155e-08,6.734813638814374e-10,3.865813300523865e-09,1.3504593475556587e-09,3.341795978791787e-08,1.1730091210999193e-08,2.0334137527440425e-09,9.97371572276872e-08,5.885134853928074e-09,7.500856317610231e-10,1.1430074716714792e-08,6.283649206413997e-09,3.2904991626743847e-09,6.4987625653208875e-09,1.1167645821687238e-07,3.270155686471943e-07,7.696069042967012e-09,5.80469009337979e-09,3.6415716596611516e-08,1.447230959331015e-07,1.1732597296493087e-08,2.909957206972944e-07,1.1665159108202373e-09,4.85753845164449e-08,4.525666505706251e-09,8.282418189012236e-09,1.4028420462811067e-09,7.905524726070446e-08,8.378514421455428e-09,7.700088246015473e-10,5.526306573025661e-05,2.7197733558748247e-09,5.070981515331129e-09,3.0062815129998335e-08,2.469430676476216e-08,3.6178788724217223e-09,3.630475405051675e-08,4.199759709193179e-09,5.76336674565437e-08,4.747201980405222e-09,2.9169018786140987e-08,1.157956482075133e-06,3.173134975919182e-08,3.807738213824686e-09,4.029253546372844e-08,2.9749871328611066e-09,2.594196470204432e-09,6.211011084765258e-09,5.774653411546029e-09,1.7284238584238242e-09,3.773830041641801e-08,1.3857701517662142e-07,4.5183674032559185e-10,8.164469205951649e-09,5.000444573965608e-09,6.05919678943944e-10,3.1996923203929635e-09,1.7636380368489367e-08,1.2243942561163956e-07,5.061842505998822e-08,7.529294679725844e-10,3.1840097342846304e-09,6.241201346394564e-08,2.8672040323715445e-07,5.026761032162104e-09,7.947156381270466e-09,8.478571326768564e-09,1.97216931709996e-08,9.630996239569364e-10,3.3835733014878845e-09,3.4741757534293355e-08,1.0428786384663081e-07,3.448928339138904e-08,2.3568584279722895e-09,1.967780641745315e-08,1.5569225203484247e-07,1.729743044342641e-09,4.5129481485553663e-07,1.0720570864421802e-09,2.532864921257499e-09,3.016574469746593e-08,1.562735138412058e-08,1.5047083452651522e-09,1.9278828332361724e-06,8.143566583634785e-09,2.0422934859321136e-07,4.590051266449157e-08,5.282328008071046e-09,1.0578225680233744e-09,1.7250982673435157e-08,1.5928332872155104e-09,2.0999971403483513e-07,9.91067204037301e-10,2.4366421646583235e-08,1.2528986624264375e-08,2.27855915304006e-08,1.0390065045249455e-08,2.341945282675837e-09,1.2190706851476723e-09,1.0048599960773227e-08,1.1727866021577153e-06,3.733039750283798e-07,1.3375715059131628e-07,4.504996993385897e-09,1.427893679849859e-09,4.763003696279441e-08,2.260489789394322e-09,1.8809322393982845e-07,7.836825331309891e-08,5.599719574696239e-09,7.584668400361154e-11,6.949872015655755e-10,3.573329415409945e-09,2.7172934515387103e-10,2.5321609736107668e-08,3.591575270259276e-08,3.309219093341895e-08,7.605710767286485e-09,1.7914172169145555e-09,1.1235330388845218e-07,1.47405974216848e-06,3.3925687240024198e-09,5.400338505059477e-09,2.6296581050398704e-08,2.2545723391860838e-10,8.79508964905187e-09,3.148366178488521e-10,2.0644202680314732e-08,9.734682618288388e-09,3.755116659731346e-09,5.770972878126066e-10,1.567516694061234e-09,8.183926821430521e-09,6.092904124248537e-08,1.2388607391993571e-06,7.118351995575696e-09,1.3101846069754256e-08,3.6136738195454736e-08,1.1390030932290082e-08,2.0413032640386848e-08,3.6241776565718617e-09,5.369789315191934e-10,1.3852719195596924e-09,4.0829744860095565e-08,1.2760123020531605e-08,1.3429339955919504e-08,3.330201066998438e-09,1.8762374037838824e-08,4.150957701787061e-09,5.918996710722042e-09,5.374361952112982e-09,2.053556586160715e-09,3.4717495473348075e-09,4.972596341786529e-09,5.217760710439785e-09,1.770540720958064e-08,2.9644643811152837e-08,1.3340700467058113e-08,2.841526126702451e-09,4.5728540613710924e-08,2.3146607936925975e-09,3.736483719913764e-09,2.4782718714270067e-09,7.696564231990552e-10,6.976647211892749e-10,4.803746854232891e-09,3.7347860315835467e-10,3.4443230906593227e-10,1.1890074034612097e-07,7.52789126452462e-09,5.235944933483774e-09,6.414451980924513e-10,2.8770398355831636e-09,1.752959923395376e-08,1.3542562480582747e-09,4.5530955434310355e-09,1.807452112088856e-09,2.5996562643819004e-08,1.7572448391901135e-08,5.377479093442054e-09,1.709486585508592e-09,6.358127950267367e-10,1.0797695497255106e-08,2.3653531304151787e-08,3.4981246779050804e-09,2.5611578476038236e-09,1.6289098193325165e-08,3.973449469227007e-08,9.512081352278919e-09,1.4023284042365815e-09,1.7142292640394677e-07,5.117777089913774e-09,7.921463765488497e-08,1.7938243000909117e-09,8.371869067026538e-09,3.75157823283561e-10,1.1543300119389584e-08,1.4008313555569983e-09,2.846212678001664e-09,4.424203666257534e-09,6.948576601350934e-09,5.775163029003469e-08,1.833004211828876e-09,3.4201162042654052e-09,3.2854820881085925e-09,3.612803626140116e-09,7.675612106142364e-07,6.284608088346857e-09,1.1436741992776589e-09,2.261041734157639e-09,3.5864393288791248e-09,1.3059575039595011e-09,1.3236074421846782e-08,8.080959357988661e-10,7.31838374814144e-10,1.555365647638349e-09,8.439333093417938e-09,5.766395675265801e-10,7.911826065006309e-09,5.791438550810863e-10,3.2531563193074163e-09,5.140804437227529e-10,7.40801640579373e-09,7.139890767545779e-09,1.8480008995581897e-09,2.751329353970366e-09,1.1783910395598113e-08,7.992124528416974e-08,2.0094718092329548e-08,7.059293237625188e-09,4.173171713351014e-08,3.67574946484128e-09,6.757437611435751e-09,1.2181409627318784e-09,2.7047001251435514e-08,1.0584361073560414e-09,4.137664207571059e-08,1.1393197391908782e-09,2.5289946626669285e-08,3.052515583834295e-09,2.26649943036662e-09,5.246981946536943e-09,1.286652536969342e-09,7.913999411386803e-09,5.572103734702123e-09,4.6164920014470786e-10,2.416581580988987e-09,3.438955159051087e-09,2.1852659046470773e-09,7.027718815937968e-10,2.659690292443326e-09,7.159309530426805e-09,1.5815474656960679e-09,8.65609238975538e-09,1.5280775863352424e-09,1.2945253758780542e-08,2.5190664978671514e-09,1.2731381426493774e-09,1.748050964410445e-09,1.7227891010608756e-09,3.3217764783590144e-09,8.753614078157311e-10,2.378462602231617e-09,2.2175725813504506e-08,1.2120595410600802e-09,1.908758618512593e-09,6.551753776058399e-10,1.3753308271514158e-09,2.5389787435146354e-09,3.371410715235969e-09,1.4834059600543187e-07,4.8402412639763e-09,2.13568683577395e-09,1.8063492674638054e-09,3.4695253229804434e-09,2.8707346452086364e-10,2.090164743952086e-09,3.1024787346840274e-09,1.980075987929158e-09,1.9799551373699517e-09,3.2386939083387905e-09,8.17419222414859e-09,1.9107401698302308e-09,9.137077116250708e-09,7.230891053516443e-09,4.6950310148100495e-08,4.5403451325523417e-10,8.992949538999098e-09,1.2970605043976522e-09,1.2460392722258781e-09,2.9079346386912806e-09,1.8249109983279687e-09,2.8904164802988112e-09,7.396044130443252e-09,9.393263426914732e-10,1.3402771657007348e-09,2.0282697166765575e-09,4.874037140141632e-09,9.012760957769624e-10,2.0435538948988694e-09,7.618512605752398e-10,5.0428943468304055e-09,6.275238096650532e-10,8.946717640630502e-10,1.0009762741295602e-09,5.932559734790833e-09,5.266088893911368e-10,4.586285900200481e-09,1.1830392346273266e-08,4.503897274852756e-09,4.5438104627352364e-10,4.565772610821982e-10,1.5334030324797627e-09,1.6156857334595297e-07,1.309109820527026e-09,5.18144050652797e-10,1.6637369749590594e-10,1.3946888649577318e-09,5.703720151727285e-09,7.523782078620343e-10,5.600763523299846e-10,1.2772979959116727e-08,4.313679393727523e-09,3.9558110381695905e-10,3.4160480527982203e-09,7.434312123179891e-10,2.360457453672947e-09,1.782364992518297e-09,9.685819819586641e-10,1.2580327007225774e-08,3.542288719196349e-10,5.1084147342920925e-09,1.1300740606002596e-09,2.4098798032836898e-09,6.941393461119739e-10,2.4327784894130598e-08,1.9294847716392335e-08,7.323075377644583e-10,6.689748444654805e-10,3.822291322581306e-09,1.3618405440343977e-09,8.517760210378728e-10,1.9084091463671267e-09,4.745608643676031e-09,2.9186033364393442e-09,8.742372521950532e-09,9.10728973955737e-09,2.526380296538713e-09,3.5554899997657885e-09,4.696766228326183e-09,1.0630292744916993e-08,1.589137999083495e-08,2.0649311648284985e-09,1.035275116184374e-09,7.148199104077366e-10,4.729575958319024e-10,9.294033716772045e-10,4.3151277103360025e-09,1.5780762008574391e-09,2.1160941118151426e-09,1.6212777410677573e-09,3.3551023531268665e-10,4.0030384239120075e-09,6.50153972946515e-09,1.7915265596811414e-09,1.00033498483818e-09,2.501065308928741e-09,1.7391117241697805e-09,4.711121514644383e-09,1.7204773380518879e-09,3.903882361987451e-10,1.72711138820178e-10,2.9453567529050666e-09,1.9190383219111325e-09,1.8290368532184042e-09,9.145197330973969e-10,4.452934567852222e-10,5.725694401900435e-09,4.1686032284479416e-09,1.0887401564985172e-09,6.079736727162692e-09,1.4274191447445991e-10,1.6715634017918027e-08,5.170225784556486e-10,3.344765867363796e-09,1.6753480988586773e-09,3.5724571270179855e-09,3.093497147517848e-09,3.5156762671679786e-09,1.4162582951091143e-08,1.1751269549305667e-09,3.121949003307641e-09,5.347041540311612e-09,7.089974475643911e-10,6.517829825693196e-09,1.9817081926231107e-09,5.352773543688718e-10,8.110111951217838e-10,6.539147809176e-09,5.206149609081605e-09,2.019129487430041e-09,4.519716626559851e-08,9.716577660183947e-09,2.0648051352783636e-09,1.851500793304054e-09,2.102704415354835e-09,4.171021027160361e-09,4.16363100395715e-08,1.430641599575361e-09,5.753388112430138e-10,9.497899382292456e-10,1.390354237164779e-09,5.660215772989921e-10,1.554326884686622e-10,2.2470017220434274e-08,4.097467534795875e-09,6.430306373349374e-09,1.4989792727409655e-09,5.89324189110669e-10,5.4267718273762525e-09,5.508381557602634e-10,1.1347394260212188e-09,8.048963398393528e-10,1.3359033716713922e-08,6.5980821306585936e-09,2.9749871328611066e-09,1.3097891613731825e-09,9.06790872541044e-09,1.0932348802123238e-09,7.751460796405406e-09,2.8001201341698162e-09,2.960857646218663e-09,5.874925970808181e-10,6.746333170637904e-10,3.600378281807922e-10,4.2535607152529374e-10,3.4945084667658504e-10,3.410330412946409e-10,4.929099675931407e-10,7.788952617730474e-10,7.426602298884563e-10,5.239958489365878e-10,3.524174047194568e-10,3.5441269312226416e-10,4.2828681026065235e-10,8.245373040767656e-10,1.0441274999899595e-09,2.8320126671649703e-10,5.564135643824972e-10,3.4210670058845097e-10,5.075178375175213e-10,3.4772747847235627e-10,3.3894753611414863e-10,3.7140997868662095e-10,5.678208863388012e-10,7.663049503012991e-10,5.892522545133692e-10,5.688962715127712e-10,8.170976944461207e-10
18,value,O-N-n.ATTRIBUTE,35,9.987084142644067e-07,3.7552962022250756e-05,0.031651415365289676,0.0006394194189794385,1.792104366087164e-05,3.97633448586656e-06,8.174333590173712e-05,2.6947866056736842e-05,4.791547036470221e-06,3.30746991711414e-05,0.00014921085077211702,1.9343000568755554e-05,0.0011287074743850038,1.1916916344141166e-06,0.009711641760299908,0.07782569040795473,4.793155797001502e-06,0.001867922428013947,3.88019462641246e-06,3.529832092881691e-06,2.1327998642474802e-06,1.3747251690842924e-05,1.3258177897717976e-05,2.2378168998125786e-06,1.2229297808715064e-05,0.000918641374656304,0.0001689439417792874,0.0003935023240660437,4.182975757878618e-07,0.08802135871794264,5.5017930846575716e-08,0.0006631887432098598,3.730408100685893e-06,1.75535149218905e-05,9.529805271172167e-09,0.7756461633197249,0.0006091893934859847,2.516975064225325e-07,7.683555035530751e-06,2.6269223087039853e-07,1.734488987747625e-07,5.57019670142825e-07,3.196917101272378e-05,2.9927240610959076e-07,3.6793043269843907e-06,4.964797377308476e-05,7.890314022754794e-07,2.1591922442865363e-06,2.165527278118265e-06,4.737329501567208e-07,4.16856188588842e-06,2.0237294398629033e-05,2.6522880096194466e-06,2.9380656207435936e-07,2.985436387119542e-08,1.6383268127987693e-07,0.000151579081944643,0.0013745063307247854,5.749256168846131e-05,3.4689615516874216e-06,4.20842842942715e-05,3.899081118095148e-07,7.754459725606623e-06,6.5570677713198426e-06,6.524994462337808e-09,3.436845465987884e-08,5.563607862634309e-09,0.00011100597673168828,8.522067668242867e-06,3.6677815388051704e-08,8.691770485759404e-07,2.5666009793220408e-05,8.443141373590977e-07,8.183123489745618e-07,3.7360922455842195e-05,1.1807951272435239e-06,3.7749569396965262e-06,4.1618524888337666e-08,3.689661117658246e-07,2.5875291624965006e-06,4.120863266024666e-05,1.0768994120824368e-06,0.0001241615519570854,1.1623821714667745e-06,7.670903354539846e-06,1.2309882851746952e-07,8.429211097693757e-06,7.334808294374259e-05,2.150446194398607e-06,2.3942499683315026e-07,6.84811434656974e-07,5.086757391457235e-07,1.8561275953097677e-07,8.962234760656481e-08,1.593114437064771e-07,1.140734858371222e-06,3.0294802226150397e-07,1.970418186124225e-07,1.0312636139056745e-07,6.0105562707326336e-09,8.33685743673313e-06,1.1955203032124096e-07,1.713554980100328e-08,2.275972720838736e-06,8.824066851215796e-07,5.1211973210688636e-08,1.3738115899254775e-07,6.631367982034438e-08,0.0004580195758135581,4.5809249817873946e-06,1.7506553126425655e-07,3.1474495466761197e-05,2.941833866358965e-07,1.5898603593508127e-07,4.25716875546802e-08,0.0011008799022360783,8.245570155435002e-08,1.8374665635464895e-06,0.0002132655591773612,2.1296849733067164e-07,6.897425825649042e-08,7.310052356987071e-07,8.882938230929244e-06,1.0480472374343794e-07,5.124619837978285e-07,1.3372086020235675e-08,0.0004496681316842911,7.80076932266484e-07,1.621811361522192e-07,0.00011747489712760101,0.0029992674393037573,2.5786916410207623e-05,4.892052239359977e-08,1.802378637159591e-08,1.002097226730546e-06,8.363442168465516e-09,5.75721409228839e-08,1.298944710886381e-05,4.295550853411898e-09,3.4842510753928935e-07,2.5195963565016157e-08,2.0450376653699087e-07,1.8618068541750696e-08,1.883350874092385e-08,9.671809256849779e-06,4.4586162444338626e-08,7.055201205964504e-09,7.173501421512973e-08,4.084705790025584e-07,4.625471524328801e-07,5.818701438079162e-09,7.30777352894156e-05,3.3626321623868366e-05,3.173598211665132e-06,4.299471134889538e-08,1.8356291557685985e-08,5.410677561813113e-06,9.525380891010914e-07,1.205117528571631e-07,1.5321868256296475e-09,8.587157644865239e-09,4.555567200123853e-07,1.536953474746807e-07,9.149882582457079e-08,5.631386381231707e-07,9.143462493963982e-08,3.923217379269505e-09,0.0001430443326768156,1.3239262512279204e-07,1.6940049848469102e-08,2.5129757010480117e-06,3.7063635375215106e-07,2.7616398031865803e-05,2.598061455338449e-07,4.357341084614106e-09,1.647401448161294e-07,3.776928377108941e-07,6.218366626671752e-07,0.0005885756009071362,5.186626967560938e-08,1.9137100280589563e-08,1.2639892172043578e-06,4.847024784039438e-08,4.7152771605228243e-08,3.7883566401552825e-07,4.334779457951811e-08,3.615769758023949e-08,5.36318520529263e-07,3.6423255840953864e-06,1.0824383810178287e-07,8.335668100153506e-09,2.2385830471351106e-08,2.5427614620604264e-07,8.773882201249663e-08,1.2265593221201496e-06,9.055710812500818e-08,2.6013228378286813e-08,9.934864733618303e-09,1.1512227459809162e-05,6.477159479376043e-08,2.812167060918059e-06,1.0399547409895657e-07,2.573040297055085e-06,4.53462273827494e-07,4.445452037864166e-09,1.244321044929916e-07,2.845344215347676e-09,4.7860252975045137e-08,7.471995190138996e-07,1.6568351717158824e-08,3.6543742860432456e-08,1.0508300568340093e-06,3.687759613536441e-08,1.278814894935826e-07,1.9713268954365126e-08,2.825787472779417e-09,7.918347895339974e-09,1.1092617011973283e-08,7.121564178158061e-07,9.200001923868513e-08,0.0009883896120692493,3.786750943832854e-08,7.530164051307799e-08,1.6116968135804386e-07,5.390788254988124e-09,3.503668725392927e-08,6.43639261051293e-09,5.0213781384198066e-08,2.5775285217723276e-07,2.7837519509843553e-08,1.877554805170316e-08,5.456461402883623e-07,1.8745714527891525e-07,2.3031678014076775e-08,8.854308109635551e-08,2.045100075918935e-07,2.791739803297072e-07,4.1249167850865955e-07,2.872011085663662e-06,6.520593581624485e-08,1.7373554375090532e-08,4.0482344249433947e-08,4.6006638645132634e-05,1.3302035545853234e-07,6.935418772527555e-08,4.56840566597119e-09,6.390203286371144e-09,6.3453135736750694e-09,1.3566878630743504e-07,3.683485515582414e-08,1.182317385095377e-08,4.956806420759881e-07,4.045724208333903e-05,0.00013681079828026534,4.5108976700892496e-08,4.73678256797918e-09,3.653792557206263e-06,1.4587104533476763e-06,1.360959063681363e-07,5.988748172793251e-08,6.715909177710668e-09,4.372245367476027e-08,3.9914233517552943e-07,7.550438799388681e-09,2.7528978284065446e-06,4.3925738913174456e-08,2.760243939230643e-09,8.41387431862758e-09,1.2108355115889507e-08,7.844961022963482e-08,2.0068166944788836e-05,1.7114009699789357e-06,8.40848385369948e-09,3.9303815988010744e-07,1.307663733278109e-07,2.858031223724156e-07,3.4740812165099874e-09,1.4427330331650037e-07,1.674984706802175e-08,3.076634367016825e-08,0.000172628671851098,5.223586599752157e-05,1.794305192745287e-07,2.3756902664645884e-07,2.0712988227987806e-08,2.1667314904439492e-08,3.465915760715418e-08,3.287577458660724e-08,3.2210396543078346e-08,2.4272166687688537e-08,5.243283025857417e-08,2.4735708369701983e-07,3.062863239170476e-08,5.57070669151241e-07,6.318798002342593e-07,1.0046113777397242e-07,1.1757687618128606e-08,2.119124453141609e-08,2.9448077561376557e-08,4.861707026405894e-09,9.57440578051941e-09,1.2552715033670865e-08,1.9912192711879412e-08,6.407149643368415e-07,2.7136292487190908e-08,2.6496358064638824e-08,5.1969255926693225e-08,1.1174160020369132e-08,5.441365264407357e-09,1.3205411091796096e-08,2.8564616914077825e-07,3.783401114801919e-08,1.8593085470911025e-08,4.642613935087519e-09,7.356625959758264e-08,7.623578885865933e-08,1.928824412134792e-06,3.3091181055306404e-08,3.410215065713298e-09,3.0831298938479516e-09,1.9295500345993254e-09,8.881370586642986e-08,3.3384211802559277e-07,1.0361216575121366e-07,2.839773549969189e-07,7.877107541697581e-08,6.475775956614399e-08,3.767923665119764e-05,1.44348171556289e-07,8.107282689730193e-06,4.1520842266188965e-08,1.9797069136852556e-08,9.699394339841058e-09,1.2251377450005554e-06,4.1695935096080093e-07,8.392360915053344e-10,2.8370976461245054e-08,1.4736646786614553e-08,3.920332020885636e-08,9.531518880244763e-08,2.263105245994205e-08,5.1465784289108005e-08,2.496557846393154e-08,0.00011174353268404273,7.816522995773288e-08,1.8281937343907332e-08,1.8791536344575516e-07,2.757363170816892e-07,1.701154204751564e-08,1.956105295375872e-08,8.172695621871946e-09,2.37460301063707e-07,5.920984012155279e-09,1.132486995735502e-08,2.4547707968078673e-07,1.8083781027900224e-07,3.2776598865967436e-08,1.0777942416305338e-08,9.471496737429146e-08,1.073690614907201e-08,4.6314192802718296e-08,1.9097365103857404e-07,2.8603871393593454e-07,5.958668223755225e-08,3.5760448676287875e-08,1.1293425960493937e-07,1.7644935652885067e-07,3.7486675263878487e-06,4.6373746842569165e-09,2.5096967901866326e-08,1.8135178136990196e-07,3.490328750047098e-08,1.3187288665916551e-08,1.0556226761796544e-07,8.864340906197203e-09,7.872301203728679e-08,3.707733354267284e-08,2.748290141954719e-07,1.0266789715653182e-07,6.391547397132068e-08,2.999683165787723e-08,5.111187847078165e-07,2.4042235869982847e-09,7.348996700639678e-08,6.958314919384031e-08,1.0922308410208409e-08,1.5718175325821422e-07,2.5205108966860706e-07,3.545521545282737e-09,1.4075975096316937e-08,1.4659846892673052e-06,5.210866484115312e-06,1.897427192232894e-08,2.0442956455174405e-08,7.231529185028604e-08,3.538387484035873e-09,1.1519332273499079e-07,6.342022486208938e-09,1.0323691236484041e-08,3.0920609369113443e-07,5.011427391569021e-08,3.801455854982647e-08,2.1603857918112206e-07,1.8217888947373677e-08,9.418173682233432e-08,2.2834318833120193e-08,5.234489731082964e-08,3.5028018620513637e-07,5.0740607672710934e-08,3.3423059352966944e-08,5.388303299550637e-08,4.1275748094855234e-08,7.976530144045718e-08,3.537188176647279e-08,1.0133286027552515e-08,3.095574777785824e-09,1.0109193732085595e-08,1.2402307402726827e-08,1.383666395204084e-09,5.012361665608591e-09,9.967934299736918e-08,1.2784637061652996e-07,2.8934075608391725e-08,1.3660400713320516e-08,1.2393901506973243e-06,7.204019455496815e-09,1.1841911958746431e-07,1.7993440450310415e-06,5.642586779367335e-08,3.7308881682537917e-08,3.5575404306675924e-08,1.8324947732912986e-08,1.3492602460513044e-08,4.5044322094005754e-08,2.7047001251435514e-08,1.3718470436575331e-08,1.0674178541358039e-08,4.554053238271275e-08,1.2860986854135073e-08,6.7756094165919255e-09,2.3091499606780544e-08,4.511723715746045e-08,4.2837547963785905e-08,4.642755618582895e-09,1.667939952022568e-07,6.698693004454401e-08,6.857547931184032e-08,6.009986144706206e-08,5.2336910722707806e-08,2.6722106422623393e-08,7.426326559106364e-08,6.720397447012125e-08,1.5901134847276176e-09,2.658302018050902e-08,1.1459063325139694e-08,3.048213288431931e-07,5.751224505585692e-07,5.6686674323493695e-09,3.896702033955122e-07,4.536852448477183e-08,1.2721629801377788e-08,1.625626861829445e-07,1.0351453254637849e-08,1.6424371934084437e-08,4.986424929940767e-09,2.1536128095156895e-08,1.3180046661156528e-08,3.9060274177201746e-10,1.1066545003804071e-07,8.633140693060245e-09,1.4597443393590052e-08,5.7551061235224325e-08,4.079362612224174e-08,1.0697622967998892e-07,1.5671766912191712e-08,3.6226295715552223e-09,1.3259435609815887e-06,3.7647427162113795e-08,4.332398946364977e-08,2.2721014633238572e-08,6.615601637697701e-08,2.188796046907696e-08,2.2825882726926115e-07,3.243441565307455e-09,4.144362011738688e-08,3.4405183741837045e-08,2.0319182640030013e-08,1.7724869639974495e-08,9.241084598706217e-08,6.355197086750769e-09,5.344594419086782e-09,2.046855111446885e-08,6.922308743693269e-08,9.884361139306677e-09,1.6076739937033988e-08,3.1155618455190703e-08,2.818543591805234e-08,8.982771181220585e-08,3.0639952277928966e-09,1.1168668297003236e-07,1.9805529164437154e-08,1.3192118879646547e-08,4.064712380467274e-09,2.4846247992236472e-08,9.766489733235734e-08,1.2746890013247942e-08,1.856083223608769e-09,4.062838697314849e-08,5.170997663845252e-09,9.453912516607942e-09,8.722623055159785e-08,2.939241183179247e-08,1.3671661175192424e-08,7.00564003537949e-09,7.891062522547097e-08,2.4825108204494013e-09,1.173220046613606e-07,2.332380080643278e-08,7.784148601675146e-08,5.567987283857609e-07,3.663095524077137e-09,1.372810287004907e-08,2.2976919272410413e-08,1.6330410109548303e-08,7.401689017387087e-09,4.569227137257722e-08,1.1097357301824168e-08,4.356661855207368e-08,3.080486324955006e-08,4.7412502234024605e-08,3.1061631896664686e-08,1.0873715646856494e-07,1.820282387558404e-07,1.1306875234825162e-07,2.1995096626077845e-08,2.0553052895295368e-08,1.4137537075038654e-08,1.2228299509754329e-08,7.448545263360603e-07,8.870535684258627e-08,8.246576756197401e-08,2.1179607029754056e-08,2.1021200202643038e-08,1.1793944968760378e-07,2.3644792541090573e-07,3.263287710416401e-08,6.00118889893286e-08,8.00240136309454e-09,1.0604695161420179e-08,1.2364893599106127e-08,4.741989412415394e-09,3.851304080167347e-07,1.4221391323160362e-06,2.278760237579589e-07,2.7891942795575494e-08,2.9587801367060673e-09,2.222179255797812e-08,4.6667623484566034e-09,7.331747908910354e-08,2.1693780413432078e-08,2.755101217384122e-08,1.6158390024463446e-08,2.8114991694190502e-08,5.202320708979966e-08,1.6424873173786364e-08,1.0634800308847135e-07,5.870944129875922e-08,1.3620438574977444e-08,4.392186277612539e-09,6.970452498825472e-09,7.1654297189426946e-09,9.006682165503702e-09,5.944339492429821e-09,9.522537379583348e-09,3.491085985463754e-09,2.8323490295025365e-09,5.761099752718543e-09,9.046625484255697e-09,3.469631206106184e-09,5.568194023430189e-09,9.88556780000704e-09,5.421971205924976e-09,3.757638641701912e-09,2.217843297651323e-08,5.6019415838690804e-09,5.959960971498563e-09,3.5106372553433028e-09,5.625411816646597e-09,5.2623765035680455e-09,4.7606943168631e-09,1.8409647644748388e-09,3.7970625361908335e-09,5.625755175014156e-09,6.601103184373622e-09,4.951245335964539e-09,1.0699290790828285e-08
19,for,O-P-p.Theme,60,8.309932415590524e-06,2.5612106078045515e-06,0.01898779755213766,3.3261958831983224e-05,1.3476830931536218e-05,4.701021591891399e-06,2.071657577580652e-05,1.3980841611670466e-06,9.446897107872813e-06,1.6837373387789745e-06,1.5142288658185026e-06,1.1928884242761994e-05,9.232536439226252e-05,2.2653705440627764e-06,0.00013838546675407632,0.00015877112232922736,1.1255847318098417e-05,9.457538834420657e-05,2.5207416669143456e-07,1.2639850386086876e-05,8.722328030832798e-07,1.2255490846440022e-06,7.938862216846473e-07,5.9310331029747775e-05,0.0122515893276425,2.860106364656654e-05,1.8842007431179692e-06,1.6386714172816487e-06,5.632055229330054e-06,2.5662876926603214e-05,9.662105815160655e-07,3.581688726544599e-05,9.5646735812052e-06,2.9612801026148866e-06,3.947356484284e-09,2.0341937265907688e-05,7.515650718508506e-06,7.960453987358541e-07,0.03536902134163558,6.787775263066012e-07,7.19759905931907e-07,2.090795797010345e-08,3.620260810851595e-05,1.0928571114817808e-06,2.717598220313187e-07,1.732737369476054e-06,1.9074067113453763e-07,1.8666934347320342e-07,0.0428864034383037,4.493433618990036e-07,2.583198263273612e-07,0.00010823946132555041,2.7090693765896875e-07,0.000516744167433304,1.1505630286288533e-07,1.3583035346443555e-07,5.7116571770039254e-05,1.0142190996175606e-06,2.297185951200539e-06,2.262116114645223e-05,0.7955681778565309,1.237617826666187e-07,3.0206177807068975e-07,3.658032201213856e-06,1.4231376882881302e-06,4.522707268289152e-05,3.4583798253382934e-05,1.3824286681279423e-06,8.062896805138856e-07,3.9501150647140887e-08,1.0457788415382958e-07,1.2934068589012462e-05,2.9520060115560104e-08,2.1882472698646634e-06,6.8255582471689214e-06,0.02743970683173359,0.00011342359681650563,2.605525090590601e-07,1.2631367006543511e-05,8.036094248360537e-06,4.730956970211398e-06,3.246082986460768e-06,9.531164987738316e-06,4.2875334651963e-07,3.880773912887232e-05,1.50915921155417e-07,5.290682282536332e-07,9.391450484850641e-07,8.272484394414124e-06,1.2520536260680088e-07,1.1130522506277179e-06,0.0012161110592741088,2.6685346161588453e-07,6.162030944575687e-05,9.265591286777573e-06,1.44343766466903e-07,1.5978373694868264e-07,1.6797397384903676e-07,0.00022853536712237767,1.5160371638747256e-07,1.369077652761596e-06,3.40624011937987e-07,2.748625647068379e-07,1.1294115277548107e-07,0.006905104317076022,2.6699194079736445e-07,2.0163518723031724e-08,2.7515539681313553e-06,6.0402852146017216e-06,4.818397259949899e-07,7.384742855317267e-08,8.423609431442726e-08,8.760208222834933e-07,2.872011085663662e-06,4.1453602382866073e-07,4.386382882643406e-06,5.104623963297898e-06,2.796685613073771e-07,0.022211859828346156,8.657091867270146e-07,2.6218766203697504e-07,3.961557543287149e-06,4.587640238316181e-06,8.460652763508106e-06,5.65687863560202e-07,7.29247396996087e-08,1.1937299580326575e-06,8.768796280811724e-08,6.20831697324138e-07,4.344300229841889e-07,2.319721634814871e-05,0.030923872929935738,1.167572797423452e-06,1.1173782077975106e-07,1.1138337810327682e-06,5.967221029828572e-08,5.464626887907593e-07,1.203463687359429e-07,1.9121858621568402e-07,1.8514320495639782e-07,3.2886921338603017e-09,2.0330280156946154e-07,7.364263139086514e-08,2.19253261503065e-07,4.424159788753875e-06,1.957771014228153e-07,4.29119869477796e-07,9.190150126166521e-07,8.977838152657957e-08,8.169177609000965e-08,1.187959513051501e-08,9.961819279076859e-07,2.0941024985087e-06,5.925102259622014e-07,7.78937653044768e-08,2.4383449937332537e-07,9.524218195755597e-07,5.004244522622739e-08,1.438161305264428e-07,3.253344127073014e-08,3.816916703359621e-08,2.9503848715226877e-08,4.043282380825575e-07,5.654844792456352e-09,4.606002201783031e-05,1.510869236455177e-08,6.003936654062108e-08,7.968474840124653e-07,6.298603617091713e-08,2.8224076008300586e-07,1.3952284501112394e-06,9.926616396248697e-07,4.830912379264849e-07,4.6117841800730365e-06,3.108533908354125e-08,3.988987923585252e-07,5.520106560991915e-07,1.3077435491741553e-07,1.8215544782326428e-06,3.697438670408456e-07,7.951713173757123e-07,4.603081737195402e-07,2.4898539868228905e-07,1.2738639316675432e-06,6.052134190278509e-08,3.2810516970059163e-07,3.687847773466366e-06,9.982785109352854e-06,7.98795289164581e-07,1.7297201711698157e-05,1.879210982550458e-07,1.9213759765067288e-08,2.1885884305845684e-07,1.1024746345686153e-07,7.55615156536658e-07,2.018808068287802e-07,2.1860518657556048e-07,8.262951252179234e-08,5.565608891156206e-07,7.457212765810368e-08,1.2080961783881503e-06,1.653551860458943e-08,1.2072076753816e-05,1.1755496055938995e-07,3.436530827791062e-08,7.014173875708166e-08,2.1511167812851264e-08,4.172011882685602e-07,2.9582993575941845e-06,1.6656509571596332e-07,2.0773759788059735e-08,3.4705498797766287e-06,2.8547282148870757e-08,1.0988469716313857e-07,8.246576756197401e-08,4.181330404231638e-08,2.005306086592833e-08,1.2433761758168369e-08,2.801298208562609e-07,6.384897874170815e-07,3.245686760280429e-06,4.465546259488415e-07,2.120210119270797e-06,8.681696760152752e-07,1.051542759602182e-08,3.521236490694828e-07,1.077465375114418e-08,1.4245375686954192e-08,6.673369787279362e-07,2.1467158374230857e-07,2.007081587614519e-08,0.0012849397395437697,5.85412656564313e-08,1.291679812298729e-07,2.529140663900864e-07,1.4036846131414894e-06,3.1925509252786384e-07,2.5629392207330447e-07,1.7597612923228852e-07,1.23595301563619e-06,3.9289555022437966e-08,2.7359142449846767e-08,2.0368094356623664e-06,0.0019606150179087424,3.1326276282126525e-08,8.08877455235283e-07,3.8242621947276215e-08,4.317192404142471e-06,6.608719017221145e-07,7.348323910695172e-08,8.761306613282907e-08,1.1097961274029225e-06,4.018788659209063e-06,2.1206630933976245e-06,6.998351633779835e-08,1.521000722195056e-08,7.442864641571584e-07,7.449024525934153e-08,7.0603704824747906e-09,4.7545648254122636e-07,4.1180126700884184e-08,3.255915776527322e-07,7.493256613242004e-08,1.6107134120528515e-07,2.1035890710512507e-07,2.3823775433542e-08,1.0394505108386122e-08,2.6406754794495375e-08,1.616480179033382e-08,5.551359854546402e-07,2.1618955611949737e-06,4.538345688780147e-06,3.816425566172973e-06,2.8613285950066423e-05,3.6897737188978085e-07,6.874730032707022e-08,1.006609473171387e-08,4.501776496307625e-05,2.046855111446885e-08,1.027337149315901e-07,4.297882701473267e-07,1.490570957640383e-06,3.983756783857106e-07,3.327142572938922e-08,8.245318524443202e-08,2.3251234657847178e-07,2.0007149396447283e-07,1.3786414815626623e-07,1.8521101883939161e-07,2.7762013598517863e-08,3.7626628102209584e-07,2.8561130235179e-07,1.1457938507084834e-06,2.44482747290555e-07,7.057307949624649e-07,3.0678945592248294e-06,1.170359233483687e-07,1.1117659030925902e-07,2.821555729523112e-08,7.8179543749231e-08,4.153971602462653e-07,3.1737160474834216e-08,2.4959484095973542e-08,3.074455294183134e-06,1.9892149633473966e-08,1.8718275087279155e-07,4.5275855244567666e-08,6.7442523715032616e-09,8.819010149515075e-09,1.5690378456257353e-07,1.2541186479211575e-07,1.4271872000657156e-07,5.037186721909496e-08,7.079572969559687e-09,5.315623032007954e-08,3.43558708601806e-08,2.3276082923846597e-07,3.430453481203886e-08,9.24703939237011e-09,3.791954827287781e-08,1.8466417740309855e-08,3.301653553302123e-08,1.859346849100583e-05,6.744435896528376e-08,1.3920857617814634e-07,1.5303542054050174e-07,7.010963776509106e-08,4.275889912609818e-06,1.1810513036538841e-07,8.170895907940778e-07,2.8096979435991472e-08,5.2020031942125106e-08,8.036909715337208e-09,2.364110675241848e-06,7.420411894108318e-07,4.766784434780542e-08,4.03688447300866e-08,1.4710986010488017e-07,3.9802326798627617e-07,1.8742344359202685e-08,8.652894408893352e-08,2.704856270018638e-07,2.3045663539165177e-07,2.8926916858112294e-07,5.822729295204058e-06,9.018784222417452e-09,5.3396858835502075e-08,9.230655913306916e-08,1.8669213164914693e-07,5.600042851759519e-08,7.718572629951635e-06,7.863819176897165e-05,8.331062896737875e-08,4.7455929552670944e-08,4.10497709504194e-09,1.8508045218704906e-06,7.884563165407878e-08,6.626715029508405e-08,9.750705871822782e-08,6.82997909688728e-08,2.629488915543099e-07,9.953006871839902e-07,2.11801833705696e-07,6.018428939551941e-08,1.0548819900631587e-07,1.053948822192618e-07,1.7388879460509855e-07,1.5340949862516106e-07,7.660193076658007e-08,5.49892132230481e-07,0.00012437771917636007,1.7535426821630634e-07,1.6183998854871523e-07,4.939591634377282e-07,1.989822116217374e-08,5.20819822911827e-08,1.5373287533372385e-07,1.1282365309316814e-06,6.993418064759672e-07,1.1726792352523912e-06,2.0812330053925996e-06,5.6381114049562535e-08,1.2592618483539349e-08,1.2929855669965262e-08,1.5759482042432045e-07,1.0674178541358039e-08,3.754289743365148e-07,8.653686641301714e-08,1.5145573814994697e-07,3.192951220266131e-08,2.382369667501818e-07,8.855089508910043e-07,5.0019542855087715e-08,7.862457377165387e-08,7.238152879358602e-08,4.7977242046601137e-08,3.076446589888072e-08,5.450155404515478e-08,2.0202255757645967e-07,1.755994438824506e-05,4.434326802798248e-08,1.097372459295551e-07,3.761399921285574e-07,1.4775374086697887e-08,6.221803984375533e-08,2.53123383834062e-08,2.0428544956306448e-07,1.8538004939016114e-06,2.1384189130296817e-08,3.2654685788088886e-07,7.75140954570399e-07,2.5102929863973547e-06,1.1316886359144652e-07,1.9848423664430596e-07,1.4317677361289804e-07,9.468895670372893e-08,2.075981724258319e-08,7.1035953416469965e-09,3.214852808905518e-08,1.4537379434853384e-07,1.7870371587054993e-07,3.024317307750585e-08,8.02193582459366e-08,3.3003439529838854e-08,6.7025782606022e-08,7.100970928582615e-08,1.331787686148639e-07,2.7290763391917403e-08,1.9340703444771513e-06,5.9626898496601e-09,5.467147041941994e-08,1.411291952267982e-07,2.270853703452249e-08,8.141276364985995e-07,4.670736323702883e-08,1.1541148517739107e-07,3.710110287725998e-08,1.5061275614319708e-08,4.067180595633335e-08,2.68674816803214e-06,5.1814062481517395e-08,2.7725606626360873e-08,3.102279124394439e-08,1.1280029974189226e-08,8.30593073857981e-08,4.5966396209059725e-08,2.2642721615213287e-07,2.174946325140607e-08,1.64901647588529e-08,3.0020642299982885e-08,7.19630505033646e-08,5.866824734844111e-08,1.0435188051107233e-08,1.1426587066933562e-08,1.6253842031033193e-08,3.338013683011361e-07,5.5971383095922595e-08,4.668883676937505e-08,3.7444494845237845e-07,7.123737838727265e-07,9.933922370765594e-08,1.2110162810354784e-07,1.0430661644697932e-06,1.4528557259503118e-08,1.0051633788491745e-07,1.3178437866936841e-08,1.180690930390988e-07,3.2727730829187652e-09,4.288711233168102e-07,5.171279094709955e-07,1.7712973391845e-08,3.3095220752677365e-08,8.099917202037671e-08,3.6049483127001802e-06,1.6758027701347832e-08,1.0874047491386776e-07,4.2570388389703125e-08,1.7666488032829447e-07,2.984434364145188e-08,7.076262759608595e-06,1.535505211482217e-08,7.872060963827459e-08,6.127774435047255e-08,3.536648485740856e-08,3.99058397519354e-08,3.142298145201184e-08,1.7028682662146957e-08,6.8220857326976835e-09,1.9884193680758232e-07,1.4104354935692788e-08,1.9729518881295513e-08,1.6424818875139673e-07,3.773254244807099e-08,5.110112989589125e-08,7.394439888501906e-08,3.066885137705353e-08,5.42890726226283e-08,3.472479792636355e-08,5.4478273442713044e-08,2.277647833287514e-07,1.5297471906707153e-07,4.748780153151297e-08,5.4102179931579056e-08,5.234489731082964e-08,1.3513161580419246e-07,5.021684628372311e-08,1.282766876174359e-08,2.311123954540276e-08,2.293916149284237e-09,6.084748340295e-09,2.1311012052126935e-05,9.076738423648781e-08,1.8883002425287267e-08,1.811360674960469e-07,1.3252602225756793e-07,5.889966582396401e-08,1.636278186281336e-07,5.7486114106388165e-08,4.535606535843736e-08,5.1818806417773504e-08,2.0669418510429825e-08,2.4462535650431187e-08,5.793698328734553e-08,2.611663525976136e-08,2.6426909236889105e-08,6.238154628687742e-08,3.026071418202433e-08,1.861238762502129e-08,2.9120989310358824e-08,1.1442252049259168e-07,1.631198102715489e-08,6.665431963688067e-07,1.4907123578494226e-07,2.6017991978770058e-08,1.053330919582099e-05,2.8881048730979163e-07,5.454297098399731e-07,3.260301448497801e-08,5.2998584022368806e-05,3.1518061385195215e-08,2.7457660814238724e-06,3.7958913926615046e-08,4.935690151967133e-08,2.289766875034975e-06,1.1424730334047688e-05,6.804389720126587e-08,3.32318501151959e-08,3.093109320922154e-08,3.274260758149243e-08,7.659258051565893e-08,6.72472795385998e-09,5.733699915272898e-07,1.9618978613424093e-07,1.669864289746053e-05,4.091054637081806e-06,7.91955623152895e-09,6.156640958615637e-08,5.2978087558801774e-08,2.767057196851519e-07,5.1668792455877325e-08,2.9282289459586094e-08,2.7179389638036028e-08,2.45762729175321e-08,2.5478188207303855e-08,5.1321490723901995e-08,3.998385700912761e-08,6.197905259639475e-07,1.4104308308399087e-07,7.14970265113314e-09,6.209115923798435e-09,6.942429763608465e-09,7.562660999625579e-09,5.502147087139891e-09,6.649222747794026e-09,4.809320836949664e-09,5.190127527180705e-09,7.624534761116224e-09,6.1195719747115745e-09,1.1650534031642085e-08,5.896100661406357e-09,5.645016729340949e-09,4.817252887478757e-09,1.0752645564016192e-08,1.2561912284474858e-08,5.483875063972546e-09,1.0504843049014693e-08,5.245220865148932e-09,1.0006064648872515e-08,3.643918224895345e-09,3.973947676442119e-09,4.599461248709212e-09,5.685472711733705e-09,1.0369791754038605e-08,6.313250019863488e-09,8.212448319244481e-09,8.432382161317953e-09
20,tee,B-N-n.ARTIFACT,56,1.5274097122065442e-06,8.949086513125908e-07,0.0026195226208482044,0.0010304320490345641,6.366198446997245e-06,1.3391146905485367e-05,1.1906698419359575e-05,8.830532158181192e-07,9.027752055726444e-05,0.002113406146313403,2.8467056500427897e-06,1.993814201491733e-05,0.46581018750705494,3.902745765237899e-05,0.0006716618018141878,0.0020048446135500567,5.423719909944532e-05,0.0027737842812879223,1.0376370957130751e-06,2.6363991039850543e-07,8.438219276511051e-06,2.019725739841004e-06,0.00013797221247585217,8.335612986820921e-07,5.295528264809239e-07,0.008412937165833011,3.083371402391213e-05,2.3672794465420242e-05,0.00034169299469299615,1.235911212132322e-05,3.312946857524792e-07,1.492391613280341e-06,7.4758479438814034e-06,1.830532451115084e-07,1.3623303488226162e-07,7.493182298084006e-05,0.000527466966983953,1.8812254878833725e-08,3.361822421253997e-06,3.4970572978511455e-09,1.1611451147943058e-07,7.73158999581403e-08,1.1488750693303145e-06,1.9898023819479387e-05,3.0052625585616886e-07,6.894456764527234e-07,3.5667688577086744e-07,3.0739228820941985e-09,1.4969172021661222e-08,0.0014538074507095488,5.124290125210732e-06,1.999616215905268e-07,1.125653434146428e-05,2.7999399773214826e-08,8.548403810926045e-07,1.740416052783249e-05,0.46686331570996537,2.6280275148221e-05,0.029334478938333238,0.003487077081121616,7.46447408045469e-07,6.043828553103418e-08,2.29269605917163e-05,7.084543896600501e-09,3.5350182206535587e-07,1.81662574266605e-08,9.435434671386862e-08,0.002530419658210772,2.606303122755199e-05,1.9777745498429627e-08,1.0774618131440389e-07,1.7913935281963154e-05,4.636039860900253e-05,2.138926909556541e-06,0.00021134776302364754,9.35232949469463e-09,1.2048968851627867e-07,1.1546785220199854e-07,2.5368017462886672e-08,2.164007818536741e-06,2.9248061335095564e-05,8.450616943647477e-07,1.2718870411124065e-07,0.00183117872005914,1.9457987385304945e-07,1.5680804731216586e-07,2.6170802134757393e-07,9.260564171665266e-08,2.151686344512924e-05,3.580947353324545e-07,1.144465880432147e-06,4.2007712790378793e-08,8.358793987466241e-07,1.0040290387680996e-07,6.519200781328562e-08,1.4831698211270031e-05,3.7548626462257915e-07,3.988987923585252e-07,1.3374126594314247e-08,2.9851334690987005e-05,1.1469483381022229e-06,1.357806200103756e-07,2.6044829993735954e-06,2.6152439181558126e-07,5.485028538307357e-08,4.796814080010779e-06,4.632691512275748e-08,5.670205847116451e-08,2.2530219158221894e-05,0.0002496829603450053,2.6116462583163897e-06,1.705717596256492e-06,8.192118678019927e-07,1.1633796884254805e-07,1.1280643888330345e-06,1.5808079784160324e-06,1.0304456750827166e-07,2.3033007654450993e-07,2.3373447266222565e-05,2.148288714996481e-07,1.93938331766334e-05,1.3376895475931405e-06,1.5596704317375568e-05,3.165880551526365e-08,5.718515869810828e-08,1.0017063680662064e-08,1.4891111096301436e-05,5.040262115135875e-08,8.722033016484387e-06,1.0812828293338316e-07,0.00016178406453080127,1.6131677087884024e-06,9.798764589773849e-09,5.191518908824361e-07,3.9118339129818763e-07,1.5872909473856783e-07,1.2045659957921773e-07,7.347178442026675e-07,1.8452334354726267e-08,0.0005574562880195897,2.409724754096719e-08,4.274715665635324e-06,1.0633467041608478e-06,6.2125276300109935e-09,8.798550517108349e-08,8.464526629573521e-06,1.3233203445774737e-07,2.054413772578425e-06,5.69446458036173e-07,3.090278790673272e-08,1.1101687411316297e-06,4.464986421376031e-06,0.00013654801751716744,3.3778876826427416e-08,1.3260737279619925e-08,6.869883612165987e-07,1.0561060125104835e-07,4.058267146599407e-09,3.4546992700580385e-06,4.164012213210599e-08,5.34816623318152e-08,2.174002912243993e-06,2.512515603578781e-06,3.219860290317483e-08,3.274160837165435e-08,3.360705179277898e-07,5.210741915626507e-08,1.724975871115699e-05,7.920228954848374e-07,2.730150230817963e-07,5.418975731535045e-08,6.641855832867929e-06,0.00521797568581758,1.1362491220960098e-05,5.0720146068324925e-06,7.6117479667849e-09,4.854542452842551e-06,5.241168625027789e-06,7.497095545349199e-06,8.185621161944814e-07,3.979746841269546e-07,1.4209678084168564e-06,3.0077298958478183e-06,4.1299688116279405e-08,2.04191956506057e-07,1.44824234581666e-06,6.337938429278424e-08,6.610152795084763e-08,9.017623741156206e-07,1.914819983933435e-08,7.93310220101377e-09,9.406140877084275e-09,4.6326761971572085e-07,2.3478054409361475e-08,7.576883585539169e-05,4.967103442679735e-07,2.808497767531652e-08,7.937434941037465e-08,2.2901937533634157e-07,0.0003247944246747357,1.230500013881543e-07,3.6948321182040443e-06,3.194576466525525e-05,2.0458491510864067e-07,8.543448592625127e-07,2.0344555077172843e-07,7.870911914770354e-10,6.28113603328341e-08,1.6415744661642194e-06,4.205645604687626e-08,2.549046322900013e-06,2.2991649190389524e-08,1.1228780529681198e-06,8.28292372312805e-09,1.6334343513257625e-07,1.9035750481614906e-08,1.1642676153629205e-07,1.1951594660877934e-08,4.00559142788755e-08,1.5103571397312722e-07,6.84245137790456e-06,1.5664491018021257e-06,1.6274138102610867e-07,3.268459573542758e-07,1.0232728668387184e-08,4.662460927922454e-07,9.718950161126913e-09,2.2109430352278608e-07,4.4662424646191777e-08,2.617479578693483e-07,1.048662040543183e-09,4.0195378768713075e-07,2.5038827052433187e-08,1.8062881715098056e-08,2.6662641624715667e-08,7.953195601538248e-08,1.5054382687277537e-08,3.792070550331254e-08,5.3947201981524436e-08,5.930529336694864e-07,2.3122450645578469e-07,4.059244636015826e-08,5.992201849872199e-07,1.4213675402068448e-08,4.040212134081244e-08,7.207294122280087e-08,4.124301055194363e-08,2.144372858079147e-09,1.939527339084839e-09,1.533164003124058e-08,2.481812662889267e-07,3.409683475848986e-08,6.0294192421504995e-06,4.999021770622248e-06,7.81819296359707e-08,7.038189121121718e-08,4.061722958569072e-08,1.8650359580298983e-06,4.647134589333747e-08,1.0449847344784601e-08,7.94858540514753e-08,1.5044737888839048e-08,5.783628939576008e-08,3.852152364821115e-09,4.388257347996193e-06,2.7553625748767438e-09,4.960168267553659e-09,1.3665404217585443e-08,4.463108689776049e-08,2.3066068204284778e-07,1.6640196378164657e-06,9.510567152695292e-07,2.8382328098170785e-09,2.251532104309132e-08,2.0709127451676286e-07,1.9254848656141493e-08,9.168360793159439e-09,9.190210889520243e-09,5.043064917864364e-10,4.9289329595313805e-09,2.542994269482057e-07,7.772254296636188e-07,2.5936166265189902e-06,5.484173523148418e-07,9.104758591872998e-08,4.304080147720121e-09,7.403019957641564e-08,4.724063165063489e-08,1.9494308017078594e-08,1.9402841287882615e-07,7.555048628172441e-09,1.1253517471925912e-07,1.4578648886207351e-06,2.4749381651260907e-08,1.8958644043405472e-08,2.878972090490648e-09,1.0641618008575124e-07,1.0265849806007766e-07,2.822761485745825e-08,4.679597612551058e-09,3.855916069812351e-09,1.9023492075270395e-07,4.251196698177474e-08,6.980008459372218e-08,7.099694291735922e-09,4.715981119098845e-07,1.0034197322368594e-08,2.01562026078122e-09,1.416383280956748e-07,6.655516187678028e-09,1.5729743878870974e-08,1.0275600326400858e-08,4.905507131160246e-08,3.755918924881681e-09,1.889510783740219e-08,2.8694018560223867e-08,3.6924771797994266e-07,2.347017430512854e-08,3.4628611961467373e-09,6.635641119848574e-09,1.5502477590839465e-09,5.2319344517922105e-08,2.856122465513769e-08,3.5710046963437906e-06,1.6995918456252297e-07,5.816887522203049e-07,1.70323207697995e-08,2.199487848740126e-05,1.0168877872977914e-07,1.1403595252912129e-08,1.7202034604458796e-07,8.662170270993843e-09,2.574243941391823e-09,4.166413575418908e-07,2.2367392712598638e-08,7.080869396774663e-09,2.894732360907991e-08,9.457952526779144e-09,2.295316671952318e-09,1.3010162629348008e-07,1.5264462947447616e-09,7.427459813069329e-08,2.9968466726979934e-08,4.6123624242839786e-07,8.674868295016724e-09,4.525390289373479e-09,3.15517442921294e-08,6.147421113135718e-07,1.2853097034844844e-07,3.40500420190331e-08,7.0231931927951376e-09,4.1336254922183016e-08,3.144099896656917e-06,2.955260734137463e-09,1.4309472502386992e-09,3.959287341224493e-08,6.313442687904058e-09,2.829843481832384e-09,1.0624130726566105e-08,1.7321029382744497e-06,2.6600961599392107e-09,1.3568534844942843e-07,1.6141086855287155e-07,1.6089501201464586e-08,2.237612030934666e-06,1.4867646374338208e-08,1.1168668297003236e-07,6.376114490524934e-06,7.895639355543924e-08,9.758743516837602e-08,2.715294998564053e-09,6.256648204581705e-08,2.4811475110054386e-09,1.4045462590084846e-07,3.730558943653075e-09,7.306978144657439e-09,3.7563650209334147e-08,2.8906524493120066e-06,1.0711670201186267e-07,4.42731012391158e-09,2.4328527330535335e-08,1.010665914534254e-06,7.285133561515424e-08,8.248842057228706e-08,1.967840694561111e-08,1.6561274465579494e-08,1.8326005649333415e-07,1.0959333702889254e-07,7.999227211960091e-09,1.6658089660033733e-08,7.155790970878683e-08,3.207992472621203e-08,2.166202567832041e-08,2.3884117611124207e-07,4.868966377169286e-08,2.8281168094338185e-09,5.501606998110927e-07,4.746912243032771e-09,1.2764017695293222e-08,2.5160701248034367e-09,2.5711734359804876e-08,1.2015960499000058e-08,7.041649854901449e-09,1.6335785031218431e-06,2.7505646894958195e-08,8.705366417276744e-09,4.0546771293776224e-09,1.0608290754480466e-09,2.401714384362031e-07,8.851095419469264e-09,1.9692825120772128e-08,7.769697011634891e-09,2.121058445922969e-07,1.2093214365473212e-08,9.928196836002994e-09,2.8398696025686113e-08,4.8949058220002414e-09,2.011619303366876e-08,2.964745599450467e-09,1.3593402334191666e-07,9.661842896476337e-08,2.114143678091479e-07,6.784070077981334e-08,1.6528400736756006e-07,3.9381988281210575e-08,7.040981925400346e-08,1.1460074595998778e-07,1.2464195912633759e-09,2.228094411843502e-09,4.071678310029408e-10,2.5776773249114716e-06,6.0700963586953135e-09,3.2344360079118585e-08,1.0035116022624835e-08,3.841573929005292e-08,6.929306481890937e-09,5.817636099562457e-09,9.571160614283156e-08,4.559352564005824e-09,1.3586811467261802e-08,1.0210269329037437e-08,1.7406989030235455e-08,2.3288315637799656e-09,2.629987822241852e-09,1.473479927770064e-07,1.272119951908236e-07,1.762077890437534e-08,1.7640686651063138e-08,1.8219000913006278e-08,3.0727973840111765e-09,3.332121575051462e-08,7.996759977591517e-08,5.356187363565037e-09,2.484928116661984e-08,2.081246766070668e-08,9.122867262501182e-09,5.573956140032401e-08,4.077135845290972e-09,4.55823957668949e-09,5.134028865692815e-08,2.1903329115608582e-08,9.352900333007065e-09,1.3451078570899592e-08,5.932217262324181e-10,1.7350770778787e-08,1.9216691775829796e-08,3.5224420343251283e-09,6.4181511589733034e-09,4.6084381149608514e-08,4.3532207935056746e-09,2.4094385815089708e-09,4.0988432583352696e-09,1.4858623772709905e-09,5.505002335186499e-09,1.1621415701529289e-08,4.177007924338315e-09,4.02951280108042e-09,1.0673852796250984e-08,8.593973889317942e-09,3.7247572308822573e-09,3.4230399158087307e-09,2.030430587488149e-08,1.1769175343271015e-08,2.7358307527819586e-08,2.7886836095862154e-08,1.0530199609762081e-08,5.047051276096849e-09,2.0692770573929562e-08,4.680454550918122e-09,1.8507602774203464e-08,4.7405424928854094e-09,1.9570009342982982e-08,4.7836889415355425e-08,4.782974876154371e-09,1.538079585436279e-07,7.006685929441606e-08,1.3687897425121245e-07,9.503956824743533e-09,9.228433118360831e-09,1.4498929322803515e-09,1.6463012183898768e-08,1.6143603346401954e-08,5.4247669143433145e-08,2.8383100439890827e-08,6.496758125400692e-08,2.8102982239492333e-08,9.880440509148293e-09,1.3393687677897694e-07,2.612867962162996e-09,6.160963848308751e-08,6.183587776929346e-09,6.418717565585441e-08,2.6373821966835696e-09,2.5790320197491764e-08,1.8328242847114845e-07,1.5800467348066725e-08,5.16358608314403e-09,1.043706446226253e-07,8.289245503684904e-09,2.2359129111587056e-07,9.996602938530693e-09,1.4308115189963551e-08,4.202067339855412e-09,1.559305163874005e-08,4.95413344652573e-10,7.386795833942598e-09,9.434026235901718e-09,3.604324033639984e-09,5.0088281432128415e-08,4.813563103733072e-08,1.0744772974571279e-08,8.903623527871302e-08,4.708246951603052e-09,9.0800930509442e-09,1.234679422161448e-08,2.0046330316324102e-08,1.2086204341325297e-08,6.637058797141445e-09,1.4280585518916797e-07,2.2600069482529158e-09,7.755931019849183e-08,3.4419886362790534e-08,7.062956540860807e-09,5.067268777352808e-09,6.6715812540222516e-09,9.060716583178774e-09,2.1883285195662533e-08,4.632706827444917e-09,6.621257033514386e-08,5.272664626401025e-09,2.55148428090155e-09,1.4441474144923283e-08,2.6792331016404638e-08,1.1211391815110257e-08,1.4555184212639936e-08,1.4609922125657594e-08,5.31272143812621e-09,6.126672762795575e-09,1.3627506675851383e-08,6.847764297016209e-10,3.358255728468293e-08,8.789723190222107e-09,3.0581932445903065e-08,1.8193442866454977e-08,9.698802353858158e-09,8.486624287233421e-10,9.603083034288506e-09,2.579355389247189e-09,1.8458027439629148e-09,2.0720011105646873e-09,1.5496801453382597e-09,1.1862245334187523e-09,1.6753480988586773e-09,6.266817528343306e-10,9.433193749539062e-10,1.1913761870741419e-09,1.226234645111173e-09,2.337232977061549e-09,1.253820793929716e-09,2.4807689468232943e-09,1.313271310527844e-09,1.7040695697898314e-09,7.078516195586124e-10,3.797641966159676e-09,1.459570983952196e-09,1.2406133877343969e-09,6.0931303540027e-10,1.7772593336864543e-09,2.042431645480574e-09,1.4980646475495442e-09,1.9286669588258455e-09,1.222983274355823e-09,1.6588643945337597e-09,8.932258632819338e-10,2.520989126414746e-09,1.8152462967736389e-09
21,shirts,I_,2,4.991873185157642e-07,7.291980673202039e-06,0.27381896957320123,1.1355904772110998e-05,1.849624892997363e-07,1.7225617286362396e-06,8.502037460977513e-05,2.0026697171538288e-07,1.227911660261592e-07,0.0017776037781275578,1.6496544567501504e-05,2.686256254786796e-06,0.6772949441513346,2.496084251259802e-06,0.001476025761139861,0.00035035154743616643,4.629692903835407e-06,4.784809522599501e-05,1.9447301728773514e-07,1.637527043806699e-07,1.2051503223065793e-06,9.65090747496934e-07,6.007542703702523e-05,8.491490403355194e-08,5.808372928668786e-07,0.000304028633492045,7.826974114815958e-06,0.002311297349215767,1.8850059325200722e-06,2.354023869035766e-05,2.0005928294223214e-07,8.519495500806705e-07,1.9892625177083504e-06,1.7750794148321875e-07,1.8307680229983868e-09,0.00024373536516576882,1.519093782752223e-07,6.261062012746231e-09,1.8333277540739974e-07,1.3538017095259612e-09,3.112330822391149e-08,1.2823754665181724e-08,1.557682922052653e-07,1.8541460955716883e-07,7.39439099833258e-06,7.224005776943983e-07,3.7186117817442566e-08,3.7057094454326845e-09,1.674422519925527e-08,2.0978764042772286e-06,7.431087387997516e-08,6.13935941442251e-07,2.83821404413844e-07,1.2925515931730584e-08,1.4410609116192763e-07,1.578889897712689e-08,3.398326589780963e-05,1.9993589176829123e-05,3.5982436834144243e-06,9.498674775721031e-07,1.640077669518314e-07,1.1421357587504975e-08,8.324681703726281e-07,9.566488336800037e-08,4.40680627480498e-08,4.040348790357128e-09,1.5205315937208936e-07,7.032368972328134e-07,2.847652016616519e-05,1.9965739708092906e-08,1.856410839513535e-07,4.7439844754948276e-07,1.2587882930329995e-05,3.353522514899436e-06,3.089147303974251e-08,6.347810454768012e-08,9.352013171875509e-08,3.688660055386085e-08,2.745700442449545e-08,2.0228166363978882e-07,3.0396570265014067e-06,3.2530355339784286e-07,5.8980607771567196e-08,5.4863315456041055e-06,6.186378143711704e-07,2.8092692504241655e-08,4.3651648447235406e-07,1.607036310088269e-08,2.6757107225301835e-07,1.8329361548420512e-07,3.201331581159797e-07,1.4020195967045324e-07,8.148733339122163e-07,2.645344920423262e-07,9.847896631086465e-08,2.430824841620481e-05,1.371051830688288e-08,1.1806588022284589e-08,2.1523644335799195e-08,2.766128470017962e-07,7.7073253630528e-08,3.675625140368564e-08,9.916624530781661e-07,5.968313760671819e-08,1.5349847645968308e-07,2.83283023529522e-05,7.236803731236266e-07,7.7879246375552e-07,3.0665942310141403e-07,1.4928471245588247e-06,2.746771795135147e-06,5.530054670985698e-07,8.774417732863697e-08,5.329429626377379e-08,6.259130887779744e-08,3.7119100361997615e-07,4.129730398418577e-09,1.594865646651413e-07,1.7438776076106321e-06,5.45612837707257e-07,6.915318072341325e-07,1.9945576792833616e-07,0.00010904845189333828,1.8906067040016757e-08,9.145136865238528e-08,2.8864402793723184e-08,9.403751472657738e-06,2.7492310567963115e-09,1.4090018130194964e-05,6.823937172662849e-08,2.0396774770671434e-07,5.922771648789944e-08,8.827357277039233e-09,4.557389948273435e-08,4.5346377292395164e-08,3.3807752948231356e-08,1.5952497919611957e-06,1.1224021207021141e-07,4.216955242582761e-08,0.009736569263219842,1.207149958209687e-09,2.325975107359638e-07,4.841834360382568e-07,1.0320226223515177e-08,5.066771375842067e-07,2.865192235668177e-07,4.6147559333257433e-07,3.0015145859431886e-08,1.2873509987793338e-07,3.2443110747814723e-07,1.5351253030824968e-07,7.944436494424612e-07,5.115696388546397e-06,3.7025320579876114e-08,6.764659189546088e-09,1.2927402886133679e-06,3.159317543163262e-08,5.2196718614020406e-09,5.088775853530749e-07,5.760377493218047e-08,2.7837519509843553e-08,7.904800986795765e-08,4.429684209599861e-05,4.10220843146215e-08,1.509481637180708e-07,5.5498536845399005e-08,1.0929643965234676e-08,9.60862107776701e-08,3.3386249475327137e-07,3.2818528328087995e-07,3.7955438843330274e-08,9.28943530231955e-08,0.03193472576484852,3.6457850706997216e-07,1.507047109337619e-08,9.455932305933723e-09,2.0263383920501036e-07,3.9597575916441433e-07,1.8918062155992115e-06,1.8671553986604075e-08,3.9831489571873683e-07,4.527156064315626e-07,2.116589807714319e-06,8.529929824607988e-08,1.2330938235735213e-07,4.239148334560164e-08,1.1101083236327747e-08,3.523720578318689e-08,2.742183427511448e-08,1.1072324407700642e-08,6.57113359813991e-08,2.3247763925961894e-08,1.2818192185135986e-06,6.678485185340925e-08,3.9454034484268435e-07,1.1130898985457945e-07,6.945184569882382e-09,3.684047613750981e-08,4.060222360874004e-07,9.53995810138075e-08,2.0697754712110148e-07,2.2367318768700173e-07,8.782990685511664e-08,6.55871217792419e-08,5.1668792455877325e-08,3.054182744562584e-08,5.159822602137184e-10,4.548081074585856e-08,8.944747478872248e-08,7.983836219446417e-08,3.90004605148852e-08,1.7468661901824207e-07,2.7176901404500052e-08,9.5472708511211e-09,1.918615729395495e-07,1.1183029754616762e-08,4.967136284130563e-09,5.036588518833925e-09,6.085099618523849e-08,7.425444628053754e-09,7.368084701398386e-08,3.116122072605857e-07,7.048698327721747e-07,1.4512999392427995e-07,1.242427916855314e-08,1.442033512823949e-08,9.067078571573572e-09,1.3421145838194722e-08,1.1093220726188693e-06,2.4113431545179446e-08,1.9841827393331592e-08,5.4593109909241975e-08,3.647800369595955e-08,2.9104997065967658e-08,1.2571883577476052e-08,4.131341789699561e-07,1.3709681508793062e-08,1.607325280526027e-07,2.3141587312576337e-08,1.7347064650138945e-08,1.3644106867334583e-07,3.563310944922668e-09,5.513372260789471e-07,3.204969598001043e-09,1.843151065293967e-08,3.155944829509251e-08,6.615623508149892e-09,1.4816463801009254e-08,3.5957546081504773e-09,2.819327154599756e-09,7.553665384095593e-09,2.1984359454396524e-08,8.577381856698657e-06,1.562825356577359e-07,1.798965651890342e-07,1.864479208528733e-08,3.3796405814756486e-08,3.094808883374494e-08,3.5347062801960225e-08,3.9359290002070815e-09,5.864855611269352e-08,1.6632745800960432e-09,5.344885297931956e-07,1.0730390334499586e-09,3.3238730195045544e-06,2.6603309154032987e-08,5.0093032962693686e-09,1.3810462836875445e-08,4.341280720197607e-09,5.076057410344307e-07,5.821701710853842e-08,7.942281045619278e-08,2.0306784579129755e-08,2.6327094042180525e-08,2.5529557074040495e-08,1.613326072368661e-08,1.376968700517324e-09,1.0143772223868345e-07,3.5498522172074276e-09,9.767118139567252e-09,2.260336879381743e-07,4.9049083509191634e-08,4.580955269906873e-08,4.4241744145400764e-07,1.1253480269156504e-06,3.9158013176512605e-09,6.339872909753375e-08,2.2257084628417445e-08,3.3068971532261783e-08,7.839217305570636e-08,2.616538504429215e-09,2.5575565396354384e-08,2.5776157041867858e-08,6.5627382156737035e-09,5.178086708591105e-08,9.978924406372469e-09,2.0140763927200197e-08,1.0252108238536839e-08,2.9982188342738333e-08,3.801700452478115e-09,4.071913371837259e-09,5.4944103808034646e-08,1.0374822067273314e-07,8.560991665858251e-09,4.01551846759061e-09,2.0433533002907553e-07,2.0004773399891447e-08,4.1500847759416514e-10,3.1847871753097717e-09,4.128722286523566e-09,1.203545100731591e-09,1.0167049677325133e-08,7.729492295564112e-09,1.401126005416301e-08,6.757209055361408e-08,3.466138768517406e-09,8.674045448017537e-08,2.162180924225736e-09,6.890085290969548e-09,6.631997054279588e-09,4.342738303943464e-09,8.930321177650468e-09,4.725809108429832e-09,2.241590976019994e-08,7.83804713883074e-09,9.860527149968929e-08,2.4616055523107164e-08,3.897891394515421e-07,3.363886061738281e-07,2.6948133317674056e-08,3.532753462348763e-07,3.626599709176892e-08,3.0984101588759196e-09,2.764702917773609e-08,2.164814760203015e-08,2.125860874398221e-08,1.051410929434176e-07,2.3269767761636377e-08,9.564476551684665e-09,9.461354210224869e-07,2.698516636980583e-08,8.797505624339732e-09,2.0484798475209025e-08,8.161452854566567e-08,6.477357149612676e-08,1.8938467445991507e-09,2.1006450508937587e-08,6.647171900824317e-08,1.9540766977220976e-08,3.6103788518397867e-09,7.685741900940637e-09,4.891321998495719e-09,4.065567349144452e-08,3.6517107944318005e-09,8.032986400933646e-09,1.395578350853149e-08,1.5215113977475016e-08,9.178719098272005e-09,1.7537090286899075e-08,4.079847124161545e-07,4.535344706139943e-09,4.60099030612436e-08,1.6576334108808688e-06,9.818820402404418e-09,5.564287055438524e-09,5.185835611469713e-08,1.5287721909160807e-08,4.7866095647683313e-08,4.2159397755467115e-09,2.3570664224810523e-08,4.1678400042771565e-09,5.127765564206226e-08,2.851080969728671e-09,3.544644326888186e-08,1.6288104016011957e-08,1.0108576734696053e-08,2.0287582533130268e-08,2.1552351376556706e-05,4.595237051844478e-08,5.048899899948756e-09,1.9777207319804315e-09,6.222943335018047e-08,1.2531704818762981e-09,1.5472177714363604e-08,2.485610716289904e-08,2.4248555132806156e-09,8.94556643245038e-08,1.9017750322359837e-08,2.0270872965312567e-08,8.03151565184845e-09,6.362938597436688e-08,6.634021288019722e-09,2.353839487460788e-09,6.928883563493688e-09,9.35404211416087e-09,1.4945436070514576e-08,4.225056623271443e-07,3.0714848237450617e-09,2.1707025287807656e-08,2.091816942678457e-08,1.669575114640328e-08,4.313416115666404e-09,9.159381406306071e-08,8.680665744629641e-08,8.21144588429678e-09,8.263735101501102e-09,1.689668004020854e-08,1.7252035621991208e-08,1.563880139072842e-08,7.441324044119648e-09,3.1938283109555174e-08,8.188396551731698e-08,2.464077688964508e-07,1.4954104455128696e-08,1.573603757629417e-09,2.1880614059236718e-08,1.0923011185509184e-09,1.1247374610167653e-08,6.117144647532578e-09,5.763737578599753e-09,8.342257140686497e-08,1.574367101773248e-08,2.033103502099591e-09,1.2590354539507737e-09,2.563104128215426e-08,1.930787020002341e-09,2.8587385210805183e-08,1.1830431456250619e-09,6.690747178266577e-09,4.777868835229011e-09,7.015458326895001e-08,6.41638860316988e-09,3.5545135893669248e-09,4.767236626816131e-09,3.731014361945087e-09,1.8577771550580243e-08,5.855932734929342e-09,1.4228384094809412e-07,8.3036772107808e-09,1.1399419896181005e-08,1.1694348380475918e-08,9.817621889082451e-09,3.828712298844515e-09,4.4269048101178854e-09,3.2375961796272826e-08,1.2142027958930442e-08,2.4902421698177017e-08,1.2523676208784191e-09,1.715333883464918e-08,6.899975011475811e-09,7.885792415540022e-09,4.199233192298843e-08,2.4099533481010574e-09,7.67425752850725e-09,1.3996729543285355e-08,8.826010431971274e-09,7.364937388377768e-08,1.2087679798119085e-08,2.5229048819248535e-08,2.815200304171602e-09,5.666591884401969e-09,1.1423100481336191e-08,1.761862806166768e-08,1.6977368685863466e-09,9.169200220085118e-09,6.4356069660085035e-09,2.0446076040777477e-08,8.279132969251593e-09,1.649670817533422e-08,7.115962813119866e-09,7.974852719263378e-09,4.257052912273015e-09,2.410173996020098e-09,5.301060793393376e-09,2.4736626807463256e-09,2.5788831384067435e-09,6.765897949046283e-09,1.796618375705868e-09,1.8998090588390605e-09,5.287973157387727e-09,3.4407397478388357e-09,3.089618706409431e-08,4.055048363149299e-09,6.578378575563358e-09,4.5224910355081324e-09,6.123495076507166e-09,4.512151711926479e-09,2.0102144800763785e-09,9.45564373818405e-09,1.6709003764538624e-08,5.476015036713933e-09,1.599306190252848e-08,1.2178024103452484e-08,5.431245192289343e-09,1.1004278453481301e-08,2.1390063279913395e-08,5.334636689594404e-08,1.7774161781441726e-08,7.027910054670023e-09,1.8466981299255115e-08,2.109517390239427e-09,3.3772692295580255e-08,5.195181312046789e-08,2.4292174578618764e-08,1.9443805426337496e-08,1.0261185470573215e-08,3.197154508978811e-09,1.167291639189663e-07,1.6923054394821267e-09,2.7778115625276995e-08,3.478749253844115e-09,2.0509261501968736e-09,1.5062704373889555e-09,3.635131707800739e-08,7.756641129047398e-08,2.0241201041414177e-08,8.068119067374319e-09,2.4134781613695703e-08,1.0300717889872431e-08,9.014106501234802e-09,2.8189737002403772e-08,1.3799088053064227e-08,1.512622359437477e-08,8.000447890294992e-09,1.4517082037503325e-09,1.7182211122806228e-09,1.2198481676437331e-08,5.9112345666801536e-09,7.292052992902039e-09,8.605521400289537e-09,1.738315804186649e-09,2.165145109923911e-08,4.733170067911836e-09,4.372259821638856e-09,8.878419020860702e-09,2.018328600063571e-09,5.772715224079613e-09,1.4347905476289976e-08,2.962645773529055e-07,4.150957701787061e-09,1.684056803079543e-08,4.439351328503643e-09,6.169827417185083e-09,6.409147624318601e-09,2.665378076929734e-09,3.3166104983256243e-09,3.1828334064756985e-08,3.898511986897751e-09,2.4989208198291726e-08,9.191924208856507e-10,9.78027430796874e-10,2.1030183347185612e-08,1.0080509829176371e-07,9.526315991194861e-09,1.982797076489224e-09,2.6558781636194187e-09,1.373899985236895e-08,5.457163596875356e-09,1.7910833075298265e-08,1.2504921442953008e-08,1.410526245376588e-09,3.5578779100462056e-09,5.871481655469968e-08,9.333511362985692e-09,9.650971284754447e-09,2.236056776750999e-08,2.5116205706011547e-09,1.032684225780576e-08,4.322112781843076e-09,1.8739546673267736e-09,2.557174770961166e-09,2.189671815778849e-09,1.55242553844564e-09,7.048983349237309e-10,1.4521956143597568e-09,1.591715662965525e-09,2.236132409213265e-09,2.46349246891687e-09,1.446313333463357e-09,1.8573864737236994e-09,1.1696171598705066e-09,2.5967311026069093e-09,1.176562311970897e-09,2.7321686494404124e-09,1.6835485137490475e-09,1.8028797033293058e-09,2.015804804775181e-09,1.976393362186669e-09,1.3024947474201777e-09,1.1274216696816041e-09,1.7561784350163653e-09,1.746931051388293e-09,2.176414240479143e-09,1.315477443760608e-09,1.4844120480770004e-09,2.2282984093174726e-09
22,for,O-P-p.Purpose,48,2.7539810937895304e-05,7.573440994106474e-06,0.0022818616138288827,0.00038898910264058983,0.0001638360562554405,2.3766172438244587e-05,0.0002709703977183802,1.2042679670154615e-06,6.926066532339015e-06,6.525925451252273e-06,2.2378168998125786e-06,7.984731678116457e-05,4.788023058806777e-05,1.1494323805669676e-05,5.969347489401725e-05,3.2074711984133697e-05,0.00015904269168428542,0.0001582583492779918,3.7176794478337236e-06,0.0001573625769596281,4.550411139518172e-06,4.0165684005522015e-05,1.2636764861779952e-05,4.1192287263137385e-05,0.00020397194947011644,1.383859242412257e-05,2.871388130938356e-05,6.347208338792706e-07,9.666497832306752e-06,7.951444223830864e-06,0.0006319699571060678,3.2903552357139404e-05,7.56764010299038e-05,2.5699712273260442e-05,3.503229476268259e-07,1.4648171122343979e-05,1.5477691329537864e-05,1.1815481988693536e-05,0.0020541426325762107,2.722893212919367e-05,1.1251763255341132e-06,2.831466075990317e-07,0.0005982458374587578,2.910312448040314e-07,2.901789026562483e-06,3.3610017640088957e-06,6.383318148934056e-06,1.09820637694855e-06,0.9263459033435893,2.345927786279609e-06,1.5506057791144242e-05,0.00018200976921682794,2.791058309390217e-07,0.0001171955958304849,5.883799982592141e-05,6.455409858067379e-06,2.003573429247256e-05,4.6412929472171274e-06,1.9823473367554586e-05,2.040099757014275e-05,0.0017569476837906769,1.9274185879800814e-07,1.1751511627059997e-06,1.4868860145387259e-05,6.406954115662146e-07,0.014534477556346181,0.0009777394504710286,1.3182329482308616e-05,2.0803439966471422e-06,3.7082868934556446e-07,4.5711797387945594e-08,0.00032986892296476834,6.75491875482679e-07,7.816471314897039e-06,3.754850233103447e-06,0.00034973196685102973,6.619416817611821e-07,7.684049419364122e-07,0.001130776092795546,2.6682814946558486e-06,4.1192287263137385e-05,2.6055164770393826e-06,1.350281114935057e-06,1.289662483052772e-05,3.5588199492902794e-06,2.006639607041481e-06,1.8777080857641736e-05,4.759920740497214e-06,9.690094478009549e-05,1.207948714710776e-06,2.6004325440645994e-06,0.011011114605225317,1.802965903984881e-05,6.233145065723775e-05,0.003880985123494744,1.4620976193941144e-06,1.3813743609932914e-06,3.4101925182324186e-07,4.0942884660325907e-05,6.42183124044853e-07,5.729133335291767e-06,7.528760474060948e-07,1.4515657045292674e-07,1.271417144277554e-06,0.01910579337468188,3.7403256032866375e-06,9.232346251635166e-08,1.32606057648678e-05,1.6307393601883244e-06,2.7287994328048014e-05,6.233376502629253e-07,4.301556778175832e-07,1.3303209460381177e-06,7.815543051277121e-07,1.6949763045010074e-06,1.5303958495011319e-06,3.0322350161194466e-05,5.818130276174591e-07,0.0001193940662442499,3.7655221410827335e-06,1.0768629882312315e-05,9.696930441407768e-06,9.320640906693888e-07,1.5625765751154926e-05,4.154958407776553e-05,3.2464899935152763e-07,1.789377832527453e-06,9.656799719413613e-07,3.2711429970429894e-06,2.770437014676166e-07,6.1354058659417365e-06,0.0018110603555568448,1.1594731816084085e-05,8.617290428201999e-07,1.1876577404376178e-05,6.520749463551037e-06,0.00011422949428523828,3.0206077949093865e-06,5.620569837295404e-07,1.276670246959038e-07,5.929825042594838e-08,2.2161372101754247e-06,1.6017866921666574e-06,5.306835281451174e-06,4.981964437751084e-06,7.214972603781507e-07,2.3480048742659217e-06,1.934955894290507e-06,1.7942992609890604e-06,1.989511939513447e-07,1.784421344839592e-07,3.001494740686678e-06,3.5711136764214917e-06,7.480893545116954e-07,7.180705612202055e-07,7.548290432496758e-06,1.5425871855202062e-06,3.6768470751935957e-07,1.4228337057490295e-06,1.8155112987287246e-07,6.435957223067407e-07,2.100118375152947e-06,2.0669350179828967e-07,1.3212667033481545e-08,7.357226543023686e-05,4.623198260834979e-06,5.62829381777825e-07,1.8472495698439273e-06,1.1009280570056374e-07,2.1118797529312605e-06,1.1837175733987235e-06,1.6634048681587306e-05,1.411933470646179e-06,1.6117406711767879e-06,3.6045201984993403e-07,8.48913040198421e-07,1.7590037867014015e-06,9.43508434635816e-06,1.894348188999656e-06,2.348578187625121e-06,2.5090675566016334e-06,2.1333206309069e-06,4.653490073696729e-06,1.5201089992792405e-06,4.1141050865659706e-07,3.503657142687342e-07,4.1941967018621236e-05,1.7109775421722944e-05,1.6415744661642194e-06,4.2384735173035196e-06,1.587726969740941e-07,2.466259387052157e-07,4.1295770670702354e-07,4.179913176618615e-07,1.3776650378772898e-05,8.195592382794627e-06,5.297144578401921e-07,1.3675326306405062e-06,4.2143682704323105e-07,3.943249804641715e-08,1.257482854627469e-05,2.0005928294223214e-07,1.7654514240218625e-05,1.332112869320299e-07,4.126189442573902e-08,2.651640557405008e-06,2.614366145478814e-07,4.1979102499229894e-05,4.7594849766860014e-06,4.2111541888395295e-07,2.7480385399949665e-07,1.1980729792228513e-06,7.819147391107769e-08,5.20198599701832e-07,4.4959026138649535e-07,1.6389660762099013e-05,1.0176639071386986e-07,2.1744745675289123e-07,3.7320145810858e-07,6.105913698531882e-07,2.5654263515049915e-05,1.7464397612353912e-07,7.445566184929754e-06,4.4030131898393295e-06,2.772805343176164e-07,0.00011694193740830182,6.426361578455955e-08,1.3723868655128202e-07,1.73925370249027e-06,1.6957579866651558e-07,6.106472737217211e-07,0.0020562751122940328,2.742918558520194e-06,2.1779944773355492e-07,3.227632380073473e-08,1.3871572646518549e-05,1.0729629010159515e-06,2.1499939662148693e-07,1.196574862939896e-06,1.2171998775403687e-06,2.004191590257272e-06,1.0260178235832112e-06,8.731649459575558e-07,0.001748549825269065,1.501579091157716e-07,1.0483636591022392e-06,1.7427071842930572e-06,0.00012653702739621474,1.6696659810453713e-06,6.604686605962299e-07,1.263719228815459e-06,9.65709442605033e-07,2.9454174276556073e-06,3.5169291021839858e-06,7.257150455315149e-07,5.079328333165305e-08,2.2601914516326286e-06,2.2046696887037933e-06,4.494271324108905e-08,1.4721715936826866e-06,3.0248511278069686e-06,2.0546645708168464e-06,3.77347207831376e-07,8.660027112363609e-08,8.229956338839056e-07,2.923834126135327e-06,0.00014830291363586478,8.38974468927447e-08,1.3408410508672636e-07,5.4252097837029095e-05,1.9302376428046255e-06,2.406181558773672e-06,1.735171509219439e-06,5.6099081771375084e-05,2.2464457780961152e-07,1.9958972484531692e-07,1.4016773485439708e-07,0.0020917185312786615,2.797795358124914e-07,4.77623362610858e-07,7.34986955185876e-07,1.436884331331249e-06,8.099890424689821e-07,2.2072351534022171e-07,9.199690753208185e-07,9.017378359681914e-08,1.8397670786780475e-06,2.211880541589758e-06,8.715941945921713e-07,1.0211448259916936e-06,1.0122092455031477e-06,1.6169135288569969e-06,2.5084467734007103e-05,1.0468645023553888e-07,5.078846537945517e-07,2.469715809804776e-06,2.581306965056769e-07,1.3686226641183728e-07,7.070457874343686e-07,2.339493343582515e-06,0.00014090831560157295,8.535890901996837e-07,9.156586611403184e-08,1.0374436864051093e-05,4.071637928732925e-07,5.090933647585566e-06,7.272226096962376e-07,3.2679716877584295e-08,1.1517223213859523e-07,1.0391581857351126e-06,1.5189083578171157e-07,1.2211850322078367e-07,6.984673227293154e-07,4.376369197406488e-07,3.898116423441637e-06,2.4174507379799977e-07,1.7953947486288855e-06,4.463108689776049e-08,2.737324953045649e-07,1.7013562533551968e-07,3.138454296892771e-07,1.0463500037051071e-06,4.328655596205829e-05,2.1241029184253804e-07,2.2019201646721718e-07,3.0032455423682213e-07,2.9133241174620173e-06,1.3029191376895163e-06,1.6102710771495835e-07,3.7688561400434775e-06,2.8524545792050006e-07,9.825050037008947e-07,7.367185331890635e-08,6.500880049173261e-06,7.4482933320276246e-06,2.119369138288964e-06,2.6105393111118916e-07,5.873234930308234e-06,8.433098446416811e-07,5.899500909191357e-08,5.854464529860619e-07,1.5539269081198802e-06,2.689044954504801e-06,4.2143682704323105e-07,0.00010385806489701203,2.9104997065967658e-08,4.792294067054439e-07,8.610981246962374e-07,8.584742674916091e-07,4.4047603372751e-06,5.8415762151766024e-05,4.671402746297547e-05,8.148733339122163e-07,1.5996425871660602e-07,7.665363096158442e-09,2.5482853830035938e-08,1.80209767944968e-07,7.552923918675312e-07,1.1743663289324422e-07,4.486993189491183e-07,8.32846577993886e-06,9.554494447729087e-07,1.2868753888076012e-06,1.828187690603082e-07,1.1383700652927326e-06,6.554888646298863e-07,1.4620976193941144e-06,1.1131918096346597e-07,3.37231453098189e-07,8.992281759097274e-05,8.331997299986699e-05,2.8334541918474187e-07,1.1195627197276092e-07,9.776298005412302e-07,1.4023191323952833e-07,1.0209612410814354e-07,1.3390826783114457e-07,1.544565646231609e-06,6.715272146054883e-08,2.6518833334618544e-06,6.716069728870323e-07,5.379084854873506e-07,6.173762326685425e-08,2.877459845354093e-07,9.398044698282487e-07,2.110147310245691e-07,1.6254726644238406e-06,2.926789820038281e-07,8.261411087809589e-07,2.09129939391258e-07,2.8678071180045e-06,3.95203123782151e-07,8.78942589637458e-08,2.355620434833342e-07,1.9932124198393826e-06,8.362110817294287e-07,3.3932710966851213e-07,3.438722532175666e-07,5.269895040178118e-07,2.5764891103161945e-05,8.16267130356419e-07,3.084615301131683e-07,1.2153069054198831e-06,1.1176851470380359e-07,3.225061746515544e-07,3.340765254988954e-07,9.701698499520555e-07,2.2885094139276586e-06,6.004283266956515e-07,6.688457293134583e-07,1.723513917721195e-07,6.212086849354312e-06,4.5724203073227135e-07,4.609814234152698e-06,2.3442894971726818e-07,1.157002748315303e-06,4.7959675472544686e-08,9.114210570876271e-08,5.773557964165768e-07,5.012787438528091e-07,2.1437043735361662e-07,7.9226725771578e-08,3.836640507351123e-07,1.4132313982335107e-07,3.7303065913453245e-07,4.209612300461503e-07,3.769443727055084e-07,3.3343594683840794e-08,0.0003048276082041122,3.9197209131616706e-07,2.3611623065368686e-07,9.60862107776701e-08,6.218746177233276e-07,2.463242510061186e-06,6.878904574800294e-07,6.01785806677044e-07,1.0497437538268687e-07,8.77174040162616e-08,3.7741630849490907e-07,0.00014158074312122906,3.169059976168793e-07,1.5413687899086047e-07,4.905490914146225e-07,8.577438568556528e-08,6.653869507168404e-08,6.838530256713714e-08,5.388943276311464e-07,9.064835232192824e-08,1.0454597438562333e-07,8.085566141307607e-07,8.910147125230958e-08,1.1491243206055128e-07,4.621379747757333e-07,2.7839976191639503e-07,3.3485226043757696e-07,3.2761490057436716e-07,1.616820188311036e-07,8.442883713296092e-07,9.540540391984004e-08,1.0482322274927787e-05,7.712476199805944e-07,3.172833990993054e-07,1.8023667202871722e-06,1.654505454431263e-07,8.122415890478434e-07,1.4625487192779282e-07,1.7928761262970399e-06,5.520780443254521e-07,1.2831107633476994e-06,1.5619567793837464e-05,1.3863200353715627e-07,1.546310678150727e-06,6.273473308806416e-08,6.109414747250543e-05,7.883841345133545e-08,8.50757227548138e-08,7.675169011436441e-08,3.1932330005855087e-07,1.1264512602924583e-07,7.910299047012123e-06,3.330799889597599e-08,9.994739631923462e-08,3.193135552334892e-07,5.771620144372046e-07,4.5587658947737574e-07,1.3404728284435254e-07,1.6831777785774254e-07,3.848836688953097e-07,3.0643388822738096e-06,3.512435818874737e-07,3.82764820222011e-08,7.184212672260419e-07,2.494036633303496e-07,1.7578826679499534e-07,3.4600917769535957e-07,8.22948124316808e-08,1.9644141131788605e-07,7.371008410626034e-08,3.8856583475894615e-07,1.9183166524588197e-06,2.6058431672661007e-07,3.41154570725476e-07,1.1971592706757496e-06,1.614207205911114e-07,2.413691152611906e-07,1.7234087259901572e-07,1.4780737117688056e-07,1.5995449557103142e-07,1.2694095076031264e-08,6.362356079675386e-08,0.00019384301760704486,2.3933002894903256e-07,3.95601325451754e-07,1.115772983204333e-06,4.2952602824311714e-07,3.7954155080667435e-07,3.1325113179522373e-06,3.409776260372913e-07,2.563956213527405e-07,1.815677521361364e-07,5.29633635994811e-07,4.4159461552775186e-07,9.88791618650785e-07,3.9199601612412597e-07,9.225868301847258e-08,1.371968110179203e-07,2.6154035448483595e-07,7.332642952296767e-08,1.3746084035609325e-07,1.0328980251901246e-06,7.826309312316235e-08,5.963196347801042e-07,2.8827334583554944e-07,6.200553856212069e-07,0.0011014511856170255,3.7473073628211887e-07,8.39435457970484e-08,2.7376500691832137e-06,1.028211976893593e-06,3.985715628871764e-08,9.683327357418171e-06,1.606589673783583e-07,2.1283205611795834e-07,1.7705771943382277e-05,6.318949060124952e-05,4.438523860141332e-08,4.045380575209858e-07,7.065304569355383e-08,7.712030977024174e-08,1.458448201391975e-07,3.560364306300097e-08,6.934337668182757e-07,2.073182314395833e-06,5.169509242285875e-05,5.3861304179971015e-06,1.9132428707249995e-08,1.8001738590782539e-07,5.974854596970738e-07,2.363252883190304e-07,1.5247135989553842e-07,2.6209253007261165e-08,2.849757305107868e-07,7.737963255001968e-08,4.223509644601988e-07,1.8178892681792724e-06,9.182330924528945e-08,6.958056566487875e-06,5.324535018356737e-07,5.3579679890692686e-08,4.3844044039914224e-08,5.0841358796603425e-08,4.2114251476003075e-08,3.516952355384872e-08,3.676747023319404e-08,3.1722635680435614e-08,3.4680318335239447e-08,4.4093622317894194e-08,7.849511116992787e-08,4.85991087574955e-08,2.7514042233199947e-08,4.57550632642386e-08,2.162503723024767e-08,5.625049883438411e-08,9.78797289887082e-08,3.705018723500782e-08,5.055512984499295e-08,3.94445337262207e-08,4.214510817371415e-08,3.039677124078983e-08,2.8406497031763735e-08,2.4716925430263728e-08,2.5620092858889794e-08,3.91973387132837e-08,6.238345004963877e-08,5.262198514782276e-08,6.708717464148945e-08
23,my,O-PRON.POSS-p.Agent|p.Gestalt,54,9.53523801077785e-06,0.00010510796889411415,0.001465075666041381,0.00031504181693297684,0.0020248898190808494,1.754922991887946e-05,2.9230215181927347e-05,4.186168332831603e-07,3.2615628124491234e-05,2.891525181987161e-05,2.792156590923683e-06,3.1883431485704256e-05,3.0090152112503153e-06,1.0072481251632068e-06,1.9070511822171533e-06,7.611440190211444e-06,1.2825626763785561e-06,9.119714843888268e-06,9.993791589689956e-07,7.452410562484101e-07,8.150944816837433e-06,3.33839910745809e-05,1.0990409283140556e-05,1.3379345082909318e-06,9.248137676929938e-08,0.00026819790448811865,4.646678428062871e-06,1.691519756836976e-07,0.2891575188570113,2.1142657295889673e-06,7.4364829041429644e-06,4.259855669990263e-05,2.647355176657347e-06,1.0773560498310647e-05,0.0021668940519123307,5.236851813872942e-06,3.5452699894896554e-06,6.863619614424553e-08,6.321091542208882e-06,6.43244408190048e-08,6.097700183620815e-06,3.9897183959635406e-07,5.888489844328815e-06,2.2597086742162374e-06,5.640655623514664e-06,2.3142217042924308e-07,1.7199353123360076e-06,4.196785165845278e-07,8.576101503498477e-07,2.807879306647785e-06,7.943224362098432e-07,7.790275932434821e-06,1.6486533450332817e-06,8.08287904699933e-08,0.6049039784369161,1.851080834305869e-05,1.0759467671983403e-06,1.8299180566569638e-07,5.6397949934338635e-06,1.2361375349539938e-05,3.2180814153156635e-07,3.317904616034003e-07,2.468970389464331e-07,1.7818034694806709e-06,4.591312134828246e-08,4.158170838126775e-08,3.199964116889633e-07,2.737557473943906e-05,1.379146447608503e-07,0.012019022831001414,1.0963682445659533e-07,1.6007063430259642e-05,6.979133387313112e-07,8.37948184837214e-07,1.1684995839030648e-06,4.5501484551800617e-07,2.9034912675024908e-08,0.005595167217113756,1.4368013834397412e-07,0.021264026614477575,2.0042593801033974e-07,2.8402068980860283e-07,2.0196091459107266e-07,3.419977913868671e-06,5.960123154336144e-08,6.93560749958495e-07,9.365977309078712e-07,7.393964137847765e-07,1.2911237967054539e-06,1.8136285054201497e-07,1.2782254082269448e-06,7.435826686908772e-07,1.2340308788992417e-06,1.2919952023135948e-07,1.7782182437476438e-06,1.3059887243030428e-07,2.420108088142102e-07,9.120610120111408e-08,1.3880133538803185e-07,1.004758037716211e-05,4.366749272583173e-06,1.12058447482794e-06,0.0207670091828329,1.2477052949284168e-07,3.663841792396824e-06,5.66759209042912e-07,1.333943504665367e-07,1.1920956854599486e-07,1.1065495296415088e-06,1.863948698248641e-05,4.2263601768280485e-08,1.2703699603184895e-06,5.543064769321961e-07,5.888907664054036e-09,1.017229207078187e-07,1.0904251726874174e-06,2.2223753647694863e-07,6.88018700023775e-08,4.859301596800697e-07,1.192969122240129e-07,3.941432111276679e-07,6.608719017221145e-07,2.412512880166376e-07,4.0447767177563895e-08,1.7336951834010246e-07,1.6509748219338155e-07,1.7078588071544412e-07,6.18958846212571e-07,3.2046549991924996e-07,4.384672014966039e-08,2.3294481815452134e-06,2.644053563397205e-07,3.677981490068786e-08,3.632569079611088e-07,9.369152906538396e-08,2.2890059116800707e-07,1.7648647075953162e-06,6.620246786948013e-08,1.5337723736742202e-08,3.902308086468802e-08,0.00022419718141692657,2.8564616914077825e-07,4.372779121411453e-08,8.074469926879189e-07,1.1054694423386842e-06,2.2162048423478515e-06,2.9544296249206537e-07,1.3441185878607878e-07,1.871256359460469e-07,1.251251480599247e-07,2.157552672192872e-07,2.9483049635441515e-07,1.9125360259029375e-07,2.1669960001781557e-08,1.3458014294489436e-07,2.1449477266187465e-07,6.077841436419673e-07,4.8125349255417165e-08,2.2384316189961727e-06,3.465704224461053e-08,7.31384578751198e-07,0.00011679570873640124,1.4624196596555491e-08,5.356660051082583e-08,4.500555094540784e-06,1.850126861102373e-06,4.1736811648199964e-08,9.781371253244635e-07,1.1085473726139182e-07,7.777737302608323e-08,4.8173839748711695e-08,1.6932701868745838e-06,5.39389709197651e-08,0.0010765601416010098,1.9442554431902478e-07,7.162126718954606e-08,2.889339068257044e-07,9.413513846978227e-06,4.264306174657594e-07,5.7414231270300434e-08,3.5002372726391453e-07,4.1674308904121254e-07,6.316078016951007e-06,4.441490143612135e-07,2.661386553925544e-08,1.2788496941282022e-06,4.141314010947414e-07,1.3440365518763242e-07,1.429715586270952e-07,3.495231944309329e-08,9.758775778171525e-09,3.520066270283927e-08,6.139005003905582e-08,2.1191821188912072e-07,1.2384827265884928e-06,1.0509548654757218e-05,1.1788148641963289e-06,3.276159836332351e-08,9.29539052279333e-08,8.617844891475247e-08,4.045504032311404e-07,9.863536803258747e-08,2.44482747290555e-07,4.661053683737351e-08,6.13557282299696e-05,1.8999704373076224e-07,3.1082493266022345e-08,2.70403093933514e-07,3.7726660638057954e-07,5.42657033862005e-07,5.225711183182293e-08,1.3834461335177187e-07,5.074198842935888e-07,6.294184151351006e-08,1.503550840555304e-07,1.833439654934833e-07,7.508822730021244e-08,2.4384938230428016e-07,5.0149461687665914e-08,7.189719651305337e-08,8.915013487731818e-07,7.798652852990871e-08,1.9202495240579255e-06,7.55225742634179e-08,1.3133828657980502e-07,8.724191520157634e-07,2.2979648275132098e-07,4.293308711434658e-08,1.4168155927932592e-07,1.4337400603927468e-08,3.069413214581237e-08,1.2125324780288583e-07,1.2205476121618103e-06,1.1575754826082153e-08,6.812307650740295e-09,1.8688594349935888e-07,2.8880262839427225e-08,1.0249258916645258e-07,9.763179461720658e-07,0.0075953542168445765,9.845492652914323e-08,0.007376287149187323,3.194023252714602e-08,1.999738266518097e-07,2.151240967274541e-07,0.0005819493175538409,7.132462696587416e-08,3.803544630698285e-08,5.705442193042744e-08,0.00014751750360696942,8.858902906091138e-08,1.2255531361746311e-07,3.4295000708443167e-07,1.1316886359144652e-07,1.801773692163707e-08,5.086723759101852e-05,0.00042228233566312225,1.0452364334133435e-07,1.8476503351866388e-07,1.2605306646671336e-08,1.4150007693233192e-07,1.755476043729007e-08,7.536601267544046e-08,8.291522525647273e-09,7.236165134282555e-08,1.0198090729052445e-07,3.4480750194391246e-07,2.5185969590369713e-08,1.647245185346462e-06,1.388729049421816e-06,4.815457240967403e-07,8.106841475953875e-08,4.891455101461498e-08,4.8103324260337656e-08,4.7029180857203757e-08,2.4995309823996562e-08,2.860649027611435e-07,4.829601677829465e-08,4.649546142814303e-08,7.475465806974427e-09,2.1816604507510026e-08,1.447363463348074e-07,7.150115410173223e-08,1.9754823174192488e-08,4.7226061029384463e-07,7.205118785499641e-09,1.4265728540565858e-06,0.019688228202831445,6.447773923973217e-08,3.2264506021968606e-08,2.346086486449739e-08,5.727229359576574e-07,1.3772117482648153e-07,2.074588405480483e-08,1.891414630910296e-08,3.552983515920411e-08,2.092455411965898e-08,3.080267763547141e-05,5.147206711694481e-08,2.2624687919558766e-06,5.469817199174372e-08,9.813994782820385e-08,5.5354760524096525e-08,1.2217814595621416e-07,3.6905864250244774e-09,3.377464202478343e-07,4.691450356501636e-08,1.2419227910125797e-05,2.103724422516032e-08,6.650621340522078e-08,2.805585188134565e-08,1.7784470832966764e-08,1.486396788226964e-07,7.811992023833392e-08,2.2129006075128016e-07,2.61955726043594e-07,6.606119508984366e-08,7.355976789336906e-09,2.4188608609962835e-08,9.230937614868299e-08,3.0178635647660954e-08,1.0136345423304167e-07,1.5168701767341952e-07,2.7399994276283517e-07,9.22220886276043e-08,1.8123066418308304e-08,5.1366930848890375e-08,1.4496621281909984e-07,4.1584246404789484e-08,1.5529364971791854e-07,3.450823412509368e-08,1.1229845726816575e-07,2.8186296082419955e-08,1.2820539481119382e-06,6.742972991934366e-07,1.1134636181572101e-07,1.0782841649329448e-07,7.937677176024583e-08,1.4215410575770995e-08,2.4038488127199e-08,3.6674457587472285e-08,1.0915274797593991e-07,4.1624738248977787e-07,1.1056080505823586e-07,4.1419459735304527e-07,1.0051567329627337e-05,7.065951446919153e-08,6.040509490613836e-08,1.720524155790798e-08,1.423050829507707e-06,2.5918930281233043e-08,8.179682110956718e-09,2.744937342392818e-07,3.0568869225529876e-08,1.1352898801564657e-08,1.3892892927691115e-08,1.5350835302916922e-08,1.3145858543249186e-07,1.0124939896128673e-08,0.00101569578742797,7.559866985415262e-08,1.0168190002919502e-05,4.2107825841454576e-08,4.2264891570730016e-08,2.4069973907785364e-07,2.2335941363481972e-07,1.6435348408363174e-07,6.746288565586539e-08,0.0001203121259374745,4.869098871792473e-07,3.578883431563405e-08,1.1573243982303072e-07,1.2172450722165771e-08,7.992124528416974e-08,2.9068603064286578e-08,5.453982234889772e-08,5.0256707005287756e-08,4.651533067664247e-08,1.737143370931653e-08,1.3171961108502388e-07,7.929687323360027e-08,4.712975341110151e-08,1.3088215407120865e-07,1.4853134275564816e-08,8.64444844137597e-08,9.05211886635309e-08,7.105523180262224e-08,3.42511848822503e-08,2.2473371840064713e-07,6.44816747687229e-08,1.0147763798560883e-06,7.93840392534207e-08,3.6036522093384906e-08,6.058971819592996e-08,9.800526561967769e-08,1.358925458994222e-07,1.1227789668894245e-07,3.631251041113227e-08,1.3317064027597206e-07,1.8873784459922265e-08,2.5236665859226087e-07,3.649804716645657e-08,7.938161668176661e-08,2.4564275713514835e-08,6.103511966379096e-08,3.290287455343917e-08,1.1972362996274077e-07,1.5245274880494262e-07,1.8999704373076224e-07,3.0216419414361565e-08,4.553497357498298e-08,6.742583736251094e-08,1.236409805457444e-07,5.856270803418677e-08,9.555724019075765e-09,1.3783049402530773e-07,1.119801909674298e-07,3.218288476684893e-08,0.0007487671383374085,4.0723969990173205e-08,2.6213252527023783e-08,1.4496669206147273e-08,2.6254883729916794e-08,6.351298369091157e-08,1.1461473616273669e-07,6.698693004454401e-08,5.8885287777941446e-08,3.353851727931065e-08,2.2594403171444355e-07,1.523318320769278e-07,5.3635302893128024e-08,5.643447835473364e-08,4.474564441300078e-08,6.737647128489084e-08,3.672821930409789e-08,3.328665966590496e-08,1.2776446407135286e-07,5.91049348502757e-08,3.4703495332430745e-07,1.055042964561948e-07,1.5984766872667257e-08,3.081990835950725e-08,4.8210607495663416e-08,1.9914623547829744e-08,8.958406498726932e-08,4.342193862060348e-08,1.096769820134836e-07,5.7587955755397166e-08,9.477568672853895e-08,2.753084059780022e-08,8.091764042920183e-08,1.0047033568687467e-07,2.139136886561079e-08,5.9187965131427166e-08,4.5441964347730576e-08,1.1750474638935786e-07,6.776414165754324e-08,3.009402442506319e-08,4.175605965843301e-09,1.4006511052595971e-07,8.046699785038234e-08,2.2509750394732262e-07,1.170077404260095e-08,3.162886902593792e-08,3.828232299547297e-08,2.0195341605330895e-05,5.5722553631438705e-08,8.604442540374787e-08,3.903737416073655e-08,2.2100059262283717e-08,2.537730920961007e-08,1.1122070598329898e-07,1.2406092864163954e-08,9.066495205067573e-08,2.0432353423979947e-08,2.670987681241633e-08,3.152960575771199e-08,3.578883431563405e-08,2.4626574883690786e-08,1.1764507101880416e-08,1.373355028042312e-08,2.113376583867896e-08,3.1065321132675005e-07,3.1465203737970645e-08,7.958294192759011e-08,1.5071390950005646e-08,9.172528373040627e-08,1.4092691503103726e-07,7.32325044377681e-08,7.536141283945815e-08,1.0415462405010257e-08,2.0674465371230155e-08,8.747948114648042e-08,1.704271964655686e-08,1.7567028449766265e-07,1.7496463015515022e-08,6.131515673367516e-08,2.6447886174886247e-08,1.916632346808715e-08,3.6070630393561564e-08,2.6687877616737366e-08,7.397599809043524e-08,6.422244441047893e-08,7.001983312380091e-08,1.1125125785802409e-07,5.2776377169694045e-08,2.797377728794651e-08,2.1707615980762434e-07,3.5930982062243606e-07,1.4343480093116058e-07,2.8731602187270114e-07,3.2509621790693364e-08,1.4125461819897868e-08,2.5904696497380528e-08,8.509909270918312e-08,6.241221979120527e-09,8.96907501216063e-08,1.9933406693270597e-07,3.658949576559114e-08,6.175269776885894e-08,4.475656997622644e-08,9.06981606280656e-08,6.297834791506207e-08,1.0779880460093533e-07,5.512735731607422e-09,1.3659983837335584e-08,5.941599370198103e-08,5.5763380998252386e-08,4.890858036451381e-08,2.0734422584055087e-07,2.5954548967135682e-08,2.1722857998287268e-07,3.0598736218001733e-08,6.588804402706202e-08,2.97315224097614e-07,1.4552471213926308e-07,3.433281252616973e-08,5.380726671805142e-07,1.849850691067399e-07,1.4549854920865968e-08,3.043482811408334e-08,3.126324364481814e-08,1.5941896622743217e-08,6.680931367543729e-08,1.0262717395265282e-07,2.687503975903433e-08,3.024594204944882e-08,1.632791847681797e-08,3.030229949677089e-08,2.8345013943037026e-08,7.114853565276728e-08,5.441181221704277e-08,4.827964723990373e-07,1.765786392363642e-07,3.844740592828959e-08,1.82001067243378e-08,2.2376951135516497e-08,8.007016302538782e-08,3.263984898344984e-08,2.9318950997447453e-08,7.856221329421708e-08,1.3284229828605446e-08,4.0120754405124596e-08,1.6619950974864796e-07,3.251645984114719e-07,3.0703500681022074e-08,4.21026860397104e-08,3.007464484870762e-07,3.12651518600124e-08,3.967270016528898e-08,3.533088590358269e-08,1.7606803118783464e-08,2.2990947551645348e-08,1.589574528816333e-08,1.523462827495299e-08,1.3968992553840467e-08,1.8993969799873145e-08,2.8552509790940483e-08,2.032228333780673e-08,1.5096248313157773e-08,2.1738845988618962e-08,1.53503668397495e-08,3.350987111901825e-08,4.679582142366617e-08,2.4142884859640215e-08,2.095394881598891e-08,1.645849110345865e-08,1.653501398830845e-08,1.537943860746996e-08,1.161645155759803e-08,2.073892096808964e-08,2.1623057489585e-08,1.5260686276650545e-08,2.1353539214405823e-08,1.518264567964175e-08,1.8182341858277647e-08
24,holiday,O-N-n.EVENT,26,6.63642924476913e-08,3.3192102116058808e-06,0.022535496871146816,4.2480420378821996e-05,2.2660619857886494e-06,1.5317041196720297e-06,3.562200122110516e-07,1.512750848497334e-06,7.344936603200502e-07,0.001860526527615748,0.00026421721377309435,2.749464589053463e-07,0.002755476097735182,1.3680335277586387e-06,0.0012394913325418154,0.0009081605702918753,2.200897884403475e-05,0.0008892101137481653,3.5690436235513354e-06,1.5495753177864483e-07,1.0260770565545157e-05,0.04711731393240535,0.0016960460897759207,1.5980759156594147e-06,1.6078211873913956e-08,4.271325207703052e-06,0.898009651566669,3.5008550969836494e-05,6.267308422345267e-06,0.0031140845064215445,3.7025075777805938e-06,2.840457548456683e-06,1.7658824950547648e-05,1.5081413364117775e-06,1.4080654551786312e-07,0.0004708169127639131,1.516828900689534e-08,4.2513123820128085e-07,3.446064895572476e-06,6.389597149261097e-08,5.667783791261307e-08,3.3575273046522155e-07,1.3566788929967855e-05,9.695155042961403e-06,2.723917563540082e-08,2.277863898063293e-08,1.4179788062801174e-06,5.769330832227149e-07,2.908625439117609e-07,5.203891370050078e-07,4.123307899818654e-09,9.331425176496355e-06,8.583227655622537e-09,7.28691237570791e-08,1.9242972784425896e-06,1.961299228978537e-07,0.00010006237695645549,1.8190546707076932e-06,0.00019470862499797908,0.00027238815439489653,1.3717587804302646e-07,1.0355526551822597e-07,6.202257123089998e-07,2.8586512806355526e-08,3.304879399213977e-08,2.441107876949688e-08,1.5068991780669723e-06,3.552429671078154e-07,9.601522606842313e-06,2.0300521274500284e-07,7.73326738330133e-09,1.9973596227302705e-07,2.186838109545916e-05,3.782118762054666e-07,1.3343099335104693e-07,4.2049900218187276e-07,2.5545143835308738e-08,8.062185311290318e-08,3.2772598060495936e-08,1.7976485324969313e-07,8.297597642624817e-09,4.085480802640786e-09,8.954609474915246e-09,1.418507559536404e-08,2.4323250341481937e-07,2.5512338280063683e-07,1.4402695305973076e-07,1.3313000602239666e-07,5.214860816388449e-07,4.366896973662599e-07,1.847757001773485e-06,9.691373538283436e-08,7.389026021833402e-08,9.802652810337498e-09,2.0878627790822817e-08,3.9690471405168354e-05,4.4652737124922844e-07,1.4670685017123646e-08,1.935671025161912e-07,1.313427289705829e-08,6.409105248652924e-07,2.481358271020367e-07,1.427927815211148e-07,2.826631277182637e-07,1.7508098092756446e-06,2.5391944159788935e-07,1.6101236591777477e-07,3.5121142604912015e-07,9.769107956866388e-06,0.01790665212973096,6.252258177192653e-08,1.1108126413557045e-06,9.72814907517968e-09,4.754160985239208e-09,5.391246173192526e-07,1.2387933180366824e-08,4.181813202419627e-06,7.327225884397347e-06,1.1343126983364487e-06,9.49609763797036e-08,1.8294155236672195e-07,1.9508526811719616e-07,2.0106853736291158e-06,2.8420370778512083e-08,8.820865133763846e-08,4.436357141189915e-08,2.9018871767755445e-07,1.8089360403321123e-08,7.483201619601355e-08,4.2478108513378027e-07,3.734407080620855e-07,6.737647128489084e-08,1.2069986198258256e-08,1.1555598079612695e-07,1.4552963437219299e-08,5.071257502830164e-07,5.764930860786442e-07,7.107064741012309e-09,1.2503013488936637e-08,1.7958331309362254e-06,1.2530133739758754e-08,1.2538590580876112e-09,6.887749953125746e-08,9.081171507039875e-08,7.205754642589987e-08,3.6820001170655578e-06,3.8911426259066754e-09,5.9484936494356306e-08,3.2183760529559123e-07,2.897895196187446e-06,3.159479043712562e-05,4.35623420664879e-06,3.078586364011654e-06,9.035313237690754e-09,2.8197480608289176e-08,1.2506406670987612e-07,1.403123203308177e-05,1.9081053524625332e-07,2.1517591232267528e-06,3.628260214806766e-08,4.901782158259476e-09,1.8873146093971706e-07,5.864120344069321e-07,1.032719155327782e-09,5.025960837212124e-07,4.871014862353301e-06,9.500155675420647e-08,1.4394298968475951e-06,1.6005703832588107e-07,5.684759933469638e-08,7.328193053867964e-09,1.2896710100318274e-07,3.580279886295533e-06,1.0582711166162051e-08,7.579502692523522e-08,3.539683517529976e-09,1.101708358617246e-09,7.139578467579946e-05,1.1982231984736818e-07,1.351439880394672e-07,1.3911893036696172e-06,2.5578518484351843e-06,1.6904304729372368e-06,1.7382570093210476e-08,2.065176419760289e-08,1.821776849529227e-06,3.2016246852367286e-07,2.2818296950187043e-08,1.1078070206956064e-08,3.432024177662099e-08,2.9643837141168364e-09,1.432510728267692e-07,1.9688683817185817e-09,6.289959737972623e-08,3.0603304399689205e-07,1.8467544875399095e-08,8.501083988341946e-08,2.811413370582692e-08,1.831420429565743e-06,3.538915741045986e-08,5.8011290948038664e-08,3.8436847482910705e-08,5.841436569241789e-07,3.815868499831837e-08,2.4573273067317022e-08,1.0032633175389505e-07,9.080647272755664e-09,2.836040108849708e-06,1.6206293039061295e-08,7.186844091316138e-07,6.155701601427514e-08,1.8083781027900224e-07,1.0314490513448186e-06,7.138583534184405e-09,4.012551960652821e-07,6.362744418923881e-08,2.609114318246979e-08,8.764277193085366e-09,1.3383108820220738e-08,4.7755206735887824e-08,2.077355376211928e-05,2.1209360022982334e-08,3.4826564768293796e-07,1.123262485677464e-08,7.066598383709043e-08,6.610130942718088e-07,8.590274533297076e-08,6.006888837646907e-09,1.0687507321796203e-07,1.94639907435844e-08,8.514845036341517e-08,4.427295487759102e-08,7.220014733193343e-06,7.601508843123601e-08,1.0332201201453986e-08,1.2454227686524686e-07,1.3333374213820464e-08,7.706174883937113e-09,3.6041782949074963e-06,5.7050939711140146e-08,5.0748350665733206e-08,5.82792328122674e-08,1.8245648140932002e-07,3.76164194145766e-08,4.698327634073574e-08,5.392762782133498e-09,6.97170589596237e-08,9.052977578575673e-09,4.9990548231103955e-08,1.3470341116478898e-07,4.2277651995074494e-07,2.631424215371617e-08,1.4343385257647646e-05,2.8707937827335883e-07,4.227922176584758e-09,6.552531937554929e-09,6.313421816425156e-08,2.7691599449419833e-06,1.3497177217923208e-09,6.925289799121711e-09,5.529904190880625e-08,8.974003225664037e-08,8.061420579796459e-07,2.9013654655712497e-08,3.839100079903849e-07,1.4058373958609996e-08,1.9226013658203146e-07,5.448842975799435e-09,2.7416723010287674e-07,9.935405437318916e-07,1.4293182319098866e-06,1.2647651116429903e-07,2.3392946331996667e-08,4.417727643507018e-09,7.145316528782181e-08,1.0578836371124065e-08,1.0741131121982972e-07,4.0301143797357007e-08,7.312530879294883e-08,2.5666264341087665e-08,1.5614428527297611e-07,4.498922116682318e-07,3.23264908026883e-07,1.8555612365446543e-07,2.2587434287255312e-06,8.395407097938733e-09,1.3214639594150552e-07,2.2979648275132098e-07,5.418497545097646e-09,1.870558842632476e-05,1.30527152027441e-07,8.367754575298498e-08,5.2532131798277865e-08,7.59110201926036e-09,6.0886491175451375e-09,2.9096908046288494e-07,1.6895648780174057e-08,4.0600984546115707e-07,4.600007533531698e-08,2.6191575782133076e-07,1.443354338469282e-08,1.7574535497614465e-07,6.383360354100814e-08,7.61613761863285e-08,8.626264866273737e-08,4.100581291188166e-08,2.8090120659158456e-08,6.624310597457195e-09,1.3906466832745383e-08,1.2488903673922326e-08,3.8018039045929805e-08,3.1001969944278803e-08,6.862759133841489e-07,1.7429314539110032e-08,4.4277008373220394e-08,2.4102395818283957e-08,3.1106113541539737e-07,4.12002390944776e-08,1.911433712930042e-08,3.747434111875893e-08,8.96253789959705e-09,4.4798783637020895e-07,1.1338319194918971e-07,1.6063445463563747e-07,8.575083028190923e-08,1.1937378507258882e-08,4.077122366772359e-08,4.1185017725503874e-07,6.072670262166788e-08,5.269269201273385e-08,2.088301938636827e-07,4.256259423238035e-08,4.189121502541864e-08,1.2131907036219722e-05,1.1653695860028133e-07,1.9534208372411262e-08,1.0162052914778919e-07,6.73805837438443e-08,1.726414915069572e-08,1.6150448719891932e-07,2.8663386404112832e-08,1.8338873266832955e-07,2.6225168051108916e-07,7.499408618624601e-07,4.3770370293011506e-07,3.9588040592792616e-08,1.5889387714938503e-07,1.6407839602402118e-08,7.996054319852146e-09,1.5123404157358097e-07,3.339858853574225e-08,4.056148859228413e-08,2.8846695371692064e-07,1.1560574436440972e-08,3.1530463743352174e-07,4.439757781862293e-09,3.9139962770308266e-08,1.7876430656465766e-08,1.26527116240805e-08,4.55599935543393e-08,1.1615742567299028e-08,1.4533339126996095e-06,1.1955932742077917e-07,3.2063392013003727e-09,1.155414937348797e-06,4.9353889105407587e-08,3.8654338335051595e-07,1.246635474642279e-06,7.542353431991109e-08,3.564157434622656e-07,1.4684122580698207e-08,1.83271242140872e-07,1.4175122523312809e-08,3.348738058736886e-08,1.157081018641471e-08,6.891744862704688e-08,1.201926123438581e-08,4.805197179692756e-08,4.3496209481031835e-08,9.073445027042907e-09,4.54351811864528e-09,9.902141594791421e-08,3.128137639242882e-08,2.7890148256674595e-07,1.889914469907744e-08,1.0784193645762449e-08,6.401307569010122e-08,9.48570200086816e-09,7.094472770604871e-08,2.1080945944883028e-08,1.7507087392180595e-07,2.9257181938270157e-07,5.4816817640269966e-08,2.2593713655501615e-07,1.5750346807883363e-07,6.113391967711923e-08,1.579115174377737e-05,1.7498598944587083e-08,3.717578284856642e-07,2.199368148419211e-07,1.7613731396370386e-07,3.634565057564883e-07,4.961211585777765e-08,6.553310191474852e-08,1.4146600290131725e-08,2.7329101303345764e-08,1.2189510215523244e-07,1.9162229536965095e-08,4.239148334560164e-08,2.9726986085574694e-07,7.875905682170505e-08,1.9859395377114473e-08,2.7501450186509803e-08,9.835314805215654e-09,9.99568776409121e-09,4.103084851334604e-08,4.622100248252598e-08,5.808746657451993e-08,1.0668642226280648e-08,5.5618918563041677e-08,1.3569407886684442e-08,6.236631827614216e-08,2.6874950913399223e-07,1.1170068669946658e-08,1.5136332510860854e-07,6.738469645381e-08,1.1965827744430439e-08,1.3674536862566013e-07,7.820579250842716e-08,3.682698722225045e-08,1.8529016643025574e-07,1.2748057079306662e-08,1.6634158662443984e-07,1.056783055187837e-07,1.1232587723073695e-07,2.2065016179992428e-08,8.279610931363286e-08,2.0568739613478544e-08,1.6980309213870633e-06,9.869257675521205e-08,3.2744606092651296e-08,5.308021707731822e-09,1.4021953876096935e-08,2.023811271487016e-08,8.996792562460848e-09,1.2867660850124484e-08,5.678171320504847e-08,6.699715221876911e-08,1.0348294723781865e-08,4.0578822032400484e-08,3.375208536944232e-08,6.216679487385535e-08,1.3951525191197027e-08,2.2827275950762282e-07,5.1513094493605045e-09,2.2300597976503792e-08,1.5720094165509671e-07,2.3714968074621486e-08,1.2299409306175733e-08,1.3207785632682333e-07,9.53995810138075e-08,1.3405181686431439e-08,2.8636377044200577e-09,2.9422925156960437e-08,2.6228456269077153e-08,3.85343298483707e-08,4.7857331906171497e-08,3.5981576655171397e-08,2.217910981890202e-08,8.115009826902212e-08,5.206767951178917e-08,2.0808588342027782e-07,5.789122239496333e-09,1.2975312996303408e-08,6.359444290701031e-08,9.470949970604105e-09,3.0442259399143255e-08,2.1911351823210357e-08,3.176816893399529e-08,1.7464988328746782e-08,2.0686456604987642e-08,1.2559995635009622e-08,1.9745716926100131e-07,1.31074016466494e-07,2.5574784903948737e-08,1.7118824033858474e-08,3.555586751986132e-08,8.23978458500862e-08,3.929195313975174e-08,3.3843770932403124e-07,3.722825332372498e-09,1.081381828265232e-07,3.457358861319166e-08,1.54820965335921e-08,1.1595162328902745e-07,4.902230950363134e-09,1.2398103742451966e-07,5.809120410282072e-09,3.741263616486891e-08,9.025116767976236e-09,7.014411123369539e-09,3.5742991781991575e-08,2.3222237194515512e-08,1.9080534303910506e-08,9.52366838544702e-08,9.082864498302641e-09,3.05390313858058e-08,1.289706104641499e-06,7.240827992828243e-09,5.016187253236917e-09,1.0897634356719598e-07,1.8903119931573796e-07,1.3904345036189675e-08,1.099115277568676e-07,2.776870046103596e-07,4.582088951556368e-09,1.6728336598678582e-07,1.4082373486600975e-07,2.7214989393481806e-07,3.7071553867688355e-07,1.123704489501284e-07,3.831738755779116e-08,1.413667421458697e-08,1.6897139833742042e-07,2.2789143939178635e-09,3.430976966802236e-08,3.0439472454632855e-08,1.3639572490735093e-08,4.905191515878801e-07,2.87071566463607e-08,5.6733214398598476e-08,4.010851239063285e-08,6.577152405399344e-08,1.8967261904904644e-07,1.8154558945662336e-07,1.932195301030265e-08,1.1414388671016447e-08,8.502900209791749e-08,3.7980930177187975e-08,4.58935093364106e-08,7.827768361214847e-09,1.0856473678963894e-07,2.115505995387072e-08,1.2211145361203273e-08,3.508911895351213e-08,5.7899865157858045e-08,1.4688604503131047e-08,2.4858382911649642e-08,1.7811026055487703e-07,4.679454804744409e-09,9.58899461592373e-08,1.6835943265784388e-08,1.3406773839708093e-07,1.3442006288524832e-07,1.9795256744006495e-08,9.240269138083975e-09,1.9047372528071032e-08,2.3854330856363468e-08,1.2442871853077735e-08,8.895204283166259e-08,2.9405869690182185e-08,2.432630008929148e-08,2.328823864944124e-08,1.1184016665307996e-07,1.2036840683178903e-07,1.825796249851316e-08,2.3932272528762204e-07,2.075024772912837e-07,4.5507340154307095e-09,3.2523514367175916e-08,4.729977710127476e-08,1.1673667463649976e-08,9.93577433928812e-09,2.2509824809494036e-08,8.023921070225178e-09,9.461994263397693e-09,1.8744060350628023e-08,3.3726344392540754e-08,1.1314506473994726e-08,1.0972421382222143e-08,1.399758386193149e-08,3.712035587974058e-08,6.241412449006195e-09,6.44934827970315e-08,1.4851774492754716e-08,4.6396242421845805e-08,1.4146600290131725e-08,1.2650781120792553e-08,2.6779252016900506e-08,1.3694209953062489e-08,1.4949085304062684e-08,6.756200400927822e-09,1.089733781766879e-08,1.0716283124964047e-08,1.8570402680666425e-08,1.1224400848705217e-08
25,its,O-PRON.POSS-p.Gestalt,77,0.0014127814979451793,0.14557512708378464,0.015042603107445632,0.001252877952905186,0.0014412617581344306,0.0675006753626408,0.34963245573669677,0.007150651855628186,0.028822459794378263,0.0001739189126334061,0.00016573695372103643,0.008774540471635416,0.00027035090492092355,0.000254048689304533,3.592745508833608e-05,5.1136503432810406e-05,0.0007357651282612695,3.5349948480057335e-05,3.050985116451911e-05,3.9417669145428803e-05,0.00023798027784919354,0.0064569220404302905,0.0003468409338145227,0.0008457240929522772,1.7566376209571705e-05,0.0022416907418892963,1.9176079331354065e-05,0.00024354948075785288,0.013071633333566911,0.00015386746464065548,0.0011148769594047385,1.4572818091480029e-05,0.00021814984495082185,0.00020229200403746803,0.0058093597500916494,1.5108081453419972e-05,0.0014554055289678217,0.0001905526020263734,6.636768491126541e-05,0.00011363840760865752,2.285640218138971e-05,0.006022187657010681,0.01568198120123779,1.026734848432709e-05,0.0023365447784557463,0.001782003314683052,0.0005029286454601779,1.4470888995948552e-05,7.911506154950604e-06,1.8948044687956547e-05,0.002193842228662805,0.0005284981826225511,1.0384573098578853e-05,7.447132279963331e-05,0.022573353716237192,0.001158157043394712,6.8151286837051e-05,2.102355791833994e-05,1.315058663310371e-05,9.464468280075667e-05,5.2196200947591645e-06,0.00011099581429619302,3.132023016999254e-05,0.00010650284418728457,1.3504414898223083e-05,1.715997521585277e-05,0.0011051211710464007,1.88764773793121e-05,0.00038104651208394216,0.00040701067572703777,2.7167600203781848e-06,0.00520017125281637,1.3441917413373578e-05,6.116523969980102e-06,0.002519785392053666,1.583748271815147e-05,6.564898247394535e-07,0.22492137224715328,3.164689997248411e-05,0.00041519026137897474,0.00012751779446509625,1.321378937783587e-06,2.2966175908771392e-05,1.1476097766986957e-05,3.5689229081786354e-05,5.8374774263776615e-05,7.788110816417776e-05,0.0015616604773652327,0.0031750198132920768,0.00100533415244927,5.453428845270946e-05,1.4369672840114163e-05,3.0449390510685772e-05,7.35902296019045e-05,4.640443178897409e-06,0.00010575468612992221,1.866288538838119e-06,4.3953462668694946e-05,2.2025104606296173e-05,0.0005021005271276969,5.3728149941142684e-05,3.6396588418711054e-06,0.0002578919212475526,2.1870383297196926e-05,0.00038840785807307365,2.4056596449901687e-05,0.00014523932113112895,1.4750898777474975e-05,1.648396350271633e-05,8.606720786776532e-05,1.8102494609800058e-06,1.0057090337270503e-05,5.743312834598674e-06,3.988853004482354e-06,0.00011642205388834042,4.590846276238545e-05,1.734265804453904e-05,4.392425321770438e-07,2.3048324511516573e-05,2.592895794426667e-05,4.379947741247864e-05,2.4895336078423444e-05,4.6199543566987e-06,0.0001240782195173989,1.9510183955192074e-05,2.310395849270743e-05,8.214622775142704e-06,1.0574858116514511e-05,1.8855812784645487e-06,1.551604962421323e-06,2.356180029116858e-05,1.1914695102675598e-05,2.245128745730362e-05,8.306101841885064e-05,6.552666920605906e-06,3.8781821080785965e-06,7.039837819762052e-05,5.2398718765894854e-05,3.393052777114164e-06,2.7212407939609105e-06,0.0004643954202113294,2.6702276907754392e-05,3.9601201348747795e-07,3.2932794083667332e-06,5.69027654550916e-06,0.0003328825119299344,1.2020976147560658e-05,2.876923504161504e-06,3.726868315261694e-05,5.087361553164088e-06,1.5372247612908626e-05,6.977406638763657e-06,1.694665973482772e-06,8.253292672562052e-05,1.2018408464277532e-05,8.028276871245976e-07,1.314376589361811e-05,1.3229885604321632e-05,0.0006114617211220636,1.1962462589670905e-06,6.832018587291767e-06,0.002715406870610422,1.4791017627324028e-05,7.09529193538432e-06,0.0003316656891911071,7.540437478050762e-05,3.141702053622029e-06,0.0005185134047257969,5.3389811557774406e-05,2.3823539158751637e-05,7.646829179247886e-06,1.2614802292126094e-05,9.731318786085893e-06,0.0003433969349436313,2.8547093401449845e-06,1.882470271995108e-05,8.47690690066844e-05,1.49919314772492e-06,4.745256254055648e-05,4.612487936184057e-06,4.518307654844823e-06,7.772677300549475e-05,5.799143678390866e-06,2.9684182189730908e-05,3.215125893203405e-06,0.00012340227197986834,8.057485300118807e-07,6.664211598375126e-07,2.627145451496803e-05,1.5649678713497391e-06,5.6850693257779926e-06,1.4388150374044408e-06,4.652212129981723e-06,1.8969451963759964e-05,8.734552232885449e-06,2.4666275826824673e-06,0.0001827444416216404,5.501588810462751e-06,5.446811902050777e-07,2.898602776502863e-06,0.010119178908823283,9.712002353915556e-05,6.154701347061793e-05,2.542063167666813e-07,0.00013442283195686425,0.0012322123190881941,2.2899689486643037e-05,2.7238074235278615e-05,1.9826498420327942e-05,1.0351982408597156e-05,6.59157646296577e-06,7.897247903690152e-05,8.264914174650663e-06,1.1706768562670076e-06,4.343254097401696e-08,4.9324791149573836e-05,3.4095568788767066e-06,6.230503144949181e-06,7.437844689502348e-06,1.3001784506285681e-06,4.782927440499627e-06,4.850544080626088e-06,0.00010091182646265104,0.0002348132664121004,1.2521217689211962e-05,6.7076495236199825e-06,6.0965636090153284e-05,1.400727335510958e-05,1.1924880467594911e-05,5.7226679330409565e-06,1.0856733214849923e-05,4.793903078401023e-07,1.3876230023021518e-05,1.6016836348589932e-05,2.435733898452545e-06,0.00019843381648583362,2.5004299732902147e-06,4.707769228194051e-06,0.00018235447405605203,0.0002624492361158713,8.119441917524365e-07,0.012789889003675428,6.420634249765352e-06,5.253997448566126e-07,1.5365212366759275e-05,0.0006855992496279763,1.4871681292069226e-07,1.2621775439649197e-06,6.561872070363503e-06,6.097906432444119e-07,2.630202530272809e-06,9.430190705173427e-06,2.857847340935906e-06,1.7973742540255915e-07,1.747986061623705e-07,7.259341501261324e-06,0.0009552650387353244,6.726919063738328e-06,3.05686671118857e-06,1.5926178012430832e-05,6.019123858705809e-06,1.0215154718592779e-05,1.5639123552168524e-05,2.820255095938448e-07,4.743824020226009e-06,2.0972362808866333e-06,3.817124438546941e-06,1.2546504319573208e-06,0.0015294935621303872,1.4922955943394937e-05,1.3737232003013237e-06,0.00010950532787314754,6.987848187820499e-06,1.090824571439813e-06,1.7664331610734738e-07,1.8962053106184036e-07,6.646135728870136e-07,0.0001357088495334103,1.9911387574022826e-05,9.982818111343668e-07,1.4406556414541787e-05,3.2590861606441834e-06,4.026399766594173e-06,8.447007221743228e-07,1.3081739743192848e-05,1.6422759722896927e-06,9.879136495956165e-06,5.475608410081843e-05,9.065881905285218e-06,2.0680007830728363e-06,2.8458370369686275e-06,7.627226600873548e-05,5.128687617211816e-07,9.453273010121951e-07,7.378386561132101e-06,3.6274612335701454e-06,7.202409243919147e-06,1.588928265831926e-05,8.493766822154661e-06,6.235999026266282e-05,2.8318887944772795e-06,9.019550319188773e-07,2.5176498208442255e-05,1.1036491850925283e-06,2.9505552000086217e-07,4.408391243635293e-06,1.4023098606152885e-05,4.446614385058283e-05,1.1319266744877907e-06,1.635973193877965e-06,3.5728578100505282e-06,1.8069929722424712e-06,2.7271344139823487e-05,2.6898657111307604e-06,5.846251748177278e-07,2.8438402325889403e-06,2.0800197092454415e-05,2.1982274147324317e-07,2.3726472039271498e-07,3.531544389667806e-05,1.5133461160043045e-05,5.347804458414906e-06,2.7088034551910356e-05,7.4176704336250865e-06,5.741910829763797e-06,3.569588257940651e-06,2.5279748229240622e-06,3.261463278969953e-05,8.094921391407516e-06,8.452910349293903e-06,1.4277923703746568e-06,6.868603107218039e-06,5.3790670722687355e-06,7.328344015643654e-06,9.895430233164894e-06,1.5823955493176256e-05,6.915717300139836e-06,7.0495355120584555e-06,5.55678375236091e-07,3.8102577480648635e-06,2.38352533831495e-06,8.243251250278895e-06,2.815181690778075e-07,3.881497400635723e-06,1.4374936135155793e-05,2.6889628926174913e-06,9.643221052323194e-06,1.3681960111262454e-05,5.778474429740695e-06,5.773010318405177e-06,5.811899946772593e-06,7.949286873719882e-07,5.045307260983476e-06,1.9695700012828066e-06,4.7244800671504874e-07,7.171726583221928e-07,7.306905676935683e-06,1.8889793958293363e-06,6.639851159125118e-07,0.0002416467890746187,5.8110131888751704e-06,3.914315809473793e-05,6.714180965761228e-05,1.3897465575331738e-06,5.284855485970686e-06,1.0227041587158062e-06,9.501832541014513e-06,2.4675310541024455e-06,0.0003059926539832859,9.265591286777573e-06,3.8701552618100533e-07,8.001589397516126e-06,1.213861325131062e-06,2.673489236346459e-05,6.041391325121677e-06,6.938359598735227e-07,3.751426539965774e-07,2.372204956771902e-06,6.176945678026479e-07,3.152362461537037e-06,1.1488362110543145e-05,1.441403245824064e-05,5.618303292180759e-05,6.488393416234901e-06,3.611334792052014e-06,2.27569490909409e-06,2.2298335240968123e-05,1.2446926098783932e-05,1.1399654725784524e-05,2.2704847071171657e-05,2.8821081778896063e-06,1.8665733335971212e-06,3.0087397402902014e-06,1.8448270955728279e-06,2.1712844558406627e-06,8.50829494757235e-06,1.1858469004562538e-05,1.3964637874770512e-06,1.3463720897426988e-06,6.724273062074652e-07,8.596220945714342e-05,3.468126205827098e-07,2.018246990128068e-06,6.974639051611619e-06,1.5368495080860154e-05,4.932344895673913e-06,1.1401742256019946e-05,3.419873546018034e-06,4.831207243755206e-07,1.272655161780704e-05,9.987998529362424e-07,1.0483316660705465e-06,1.111385405048961e-05,1.3580503550426157e-06,4.8777087785962445e-06,1.1720710084267e-06,2.5043246637651525e-06,8.087266853471472e-06,5.107896407762803e-06,2.9188319572449574e-05,4.688270638296845e-06,2.222714498211744e-07,1.0710291889848667e-05,0.0005983371294940233,1.8364574901928455e-06,6.65689409720317e-07,7.389227092480158e-07,1.2178315232447888e-06,2.1260344263054085e-05,4.435771634072925e-05,1.1776603465095886e-05,6.455234197823217e-07,3.713609602737833e-07,4.261690154168821e-06,1.5473913057536725e-05,1.1513281483960516e-05,1.2743651971651474e-05,5.579365225712314e-06,0.0009385627063447712,1.8110170612117846e-05,2.2622001070997357e-07,1.5185738781474686e-05,5.2701992761616625e-06,1.457153214293343e-06,2.986327864059422e-06,2.558476400220248e-06,6.52712049329708e-06,1.6347700056489155e-05,6.528514985606724e-06,1.8058352972079597e-06,2.1395797578588804e-06,9.970335213705757e-07,6.218366626671752e-07,1.0993464646852467e-06,2.3307281371669712e-06,5.896582009704865e-06,1.263290901557615e-05,8.600710245022516e-06,2.744928267961535e-06,1.0940918084642132e-06,1.24481068530065e-06,3.644759765033875e-05,3.262181645837587e-07,6.224062318234776e-07,4.1458388831718764e-05,2.9129588788596365e-05,1.1838259509403505e-06,1.208428037485534e-06,6.598239865033724e-07,4.793171642647968e-07,3.429058784028987e-05,9.524155224029907e-05,7.6219252904065e-07,1.688517217883526e-05,3.7916983218777326e-06,4.5587658947737574e-07,5.184693635672923e-06,4.350521461897477e-06,2.862560810941603e-06,1.9053060237059686e-06,1.5237317328149844e-06,1.7223514678212872e-06,2.476659569508864e-06,6.242704625513818e-07,5.88868901681432e-07,1.2638349310626873e-06,1.1210938489044867e-05,4.2753538513984147e-05,1.1314431665335018e-06,3.104995092572061e-05,4.7445636105091235e-07,1.0371904351708233e-05,9.715030907448932e-07,9.756626792630925e-07,0.0009702194438790797,2.316404440147302e-06,4.6349387984295366e-07,7.647295918905279e-06,6.275155116345466e-06,7.413847662250171e-07,7.750226864705735e-07,6.070241470992669e-07,3.732002243496399e-06,4.71323184417045e-06,1.5363336844959134e-05,1.7907981903721758e-06,1.1506294517116619e-06,1.4877030097946408e-05,7.254888118852912e-05,8.165883314981615e-06,1.5214549060708967e-06,2.534927657041937e-06,1.78664954068833e-06,5.143107241635757e-07,3.5525263400206385e-06,3.140657964740798e-07,5.159124557087587e-06,2.992988171219605e-06,5.045461233891406e-06,2.0512119961085796e-05,5.535777319962502e-06,2.406247035939513e-05,4.084442984257888e-06,1.384370696171409e-06,7.862671330856341e-07,4.999801147747298e-07,4.4222699874998524e-06,9.912355827485945e-06,4.040678638018711e-06,1.1462097405461036e-05,5.597613756113861e-06,1.0588456011319043e-06,5.869133330563764e-07,6.43277290077936e-05,1.7075348276317198e-05,3.2970001163212287e-06,4.840652416201844e-07,2.1560245528733853e-05,1.8582751923447797e-06,1.7057696514207898e-06,2.5736685574101755e-06,4.584001586660014e-06,2.3544627267139333e-06,1.8672000350538695e-06,2.6933889161318112e-05,3.1211559470622153e-06,1.9822933944613446e-06,1.1053983175722033e-05,1.1613539069728126e-06,1.6994824956346258e-06,7.023528991049637e-05,6.223471940280076e-06,1.55667467854128e-05,2.461506018731124e-05,2.120404239190635e-06,1.1397567577752312e-05,1.1212344161996462e-06,2.0155454235055355e-07,3.127840922499531e-07,6.291090771794045e-07,7.458326076587441e-07,1.2011481511067606e-06,6.824308564541946e-06,1.7365488396078334e-06,8.145998322542038e-07,5.862311649445333e-06,1.0936542216344738e-05,1.0332729371271271e-05,2.6000357798194675e-06,2.076791757487421e-06,2.2026521770043336e-06,1.3707499105882123e-06,3.839087388302724e-06,2.1526786503250353e-06,6.658113122518952e-07,5.288260954628214e-07,7.566766404727874e-07,1.3936113861784028e-06,1.7757237170241927e-06,1.6197780317485823e-06,1.225848327490677e-06,1.330767600910883e-06,2.8293836539394344e-06,3.7576013749267616e-06,1.5095687809714343e-06,2.3132961211456958e-06,1.0759796029888983e-06,1.8734214609435132e-06,1.0742406862029682e-06,1.0997491311106408e-06,5.47748305975625e-07,2.190318429632742e-06,8.951544790724814e-07,5.633792883113143e-07,1.0541383387894812e-06,6.495348943453732e-07
26,great,O-ADJ,3,2.071102351571461e-07,2.816040947155368e-07,1.240824163434157e-05,0.9962837777777666,2.081493958830575e-07,0.0003381040118604377,1.5281040131978044e-05,4.699346947822609e-09,1.608453865079743e-07,1.437103599208825e-06,4.344447171604112e-08,8.036094248360537e-06,3.8741730098815606e-07,5.885814382252522e-07,5.6923984053277164e-08,2.5343778175339536e-05,2.4553620620910375e-06,8.261942652698988e-08,2.207983531293254e-08,9.032526439071317e-08,1.4487823841112038e-08,5.07590250372942e-07,1.7890015352318813e-07,3.2530570423701425e-09,6.752078001640952e-09,8.287167216106254e-07,4.033792413891226e-07,1.5120685220019967e-08,5.560025079492265e-08,9.442090982757847e-09,1.501359912464005e-09,5.076986949315067e-07,1.020026950897681e-07,1.8430263860081323e-06,3.919268374020706e-09,3.5854188600403232e-06,0.00317308252626129,3.732494855392243e-09,1.2357726091767167e-08,4.888353643672298e-10,1.2415602617918328e-09,4.997834499712792e-08,3.2781383815974485e-06,7.1501390476692226e-09,9.906405899382174e-09,2.6099020502066926e-07,9.196914062632687e-08,1.8744632382682625e-08,3.920956186092443e-10,6.716296893446655e-08,2.8463581730032405e-06,4.8723851252673914e-08,2.598044277612159e-05,4.394197321186766e-09,4.26889160325622e-09,3.092627162016476e-07,1.8383639830957106e-06,2.499073346506565e-08,1.8659591797354936e-08,3.478206980759224e-08,8.026641634510831e-10,3.011249751476179e-09,9.178658410899103e-07,5.796193354092871e-09,1.830780127654289e-11,1.7371491137367863e-09,4.362796492237506e-09,1.172854308228268e-05,1.4728104454798422e-08,5.590669731801548e-09,1.776012305421925e-09,1.2110901978591522e-07,5.788258092218131e-10,2.087034628667412e-08,1.4166765186199205e-05,1.8135298043001395e-09,5.616510418513791e-10,3.010055339776356e-09,2.8799387045371323e-09,1.0659565087863843e-09,1.589186496466541e-08,5.931815979637368e-08,4.105214079219883e-08,4.359321762234609e-08,8.56775881642269e-08,8.210694138385622e-09,7.259365499846781e-07,1.2959440812122496e-07,3.286663757185351e-07,2.1708940948930043e-07,3.381107183241693e-10,2.965650506075757e-09,1.2168736551773158e-08,1.744581125570862e-08,1.857947247422521e-08,2.11893045038432e-08,2.5745581993345924e-09,5.610306230009306e-08,1.5084785050672103e-09,1.5797678911210084e-10,8.656327939892847e-08,6.05862204965941e-09,1.5696708294428682e-09,1.5460326771269213e-07,1.2528562857718088e-07,1.4183391013013452e-09,6.390572198800531e-08,2.067831968553407e-09,8.73727598212514e-08,1.657897326563316e-08,4.6266468129534726e-10,2.952646456529024e-09,3.3942256561912265e-09,2.174090820333696e-09,1.068525979194058e-08,3.9237641740180585e-05,1.9861344960494153e-10,5.7056728985865487e-11,5.8477178936131126e-09,4.571752891855918e-09,4.056533638157353e-09,1.2484711935501857e-08,5.354045132876734e-08,1.5234163358088507e-08,9.56739584371453e-09,2.219340165025685e-09,2.6037935783770592e-09,1.98363128443388e-07,8.311310411602392e-10,2.719026450388548e-09,6.669342024367037e-09,1.7709788892890714e-09,1.936150059466198e-08,5.4816817640269966e-08,6.178494756154368e-09,5.651240620264524e-10,7.001151775217821e-09,1.3397411159548416e-08,2.0810699904697362e-10,4.886563802851262e-10,5.948915726750493e-11,3.077301850418432e-09,5.11044179015567e-09,2.3240824016351434e-10,7.144904046770028e-09,3.597181429550374e-09,3.5465072099281724e-10,3.1142413135119666e-09,8.778761205637003e-10,4.76450472394583e-11,2.683833528728559e-10,5.8149543829423415e-08,1.4407578636469927e-08,2.088315746053206e-09,2.5320147980215847e-09,3.2249846497276508e-09,6.864689693405598e-09,1.759606005784481e-08,6.1100549024942795e-09,3.8573284070420845e-09,2.555848455761814e-09,4.005237962659162e-09,1.0944663858077524e-08,2.5124638464811127e-09,2.8879381497198036e-08,2.9435595983126587e-09,9.65987492742309e-11,2.0664935201853937e-07,8.413617551478701e-09,4.326349959111984e-10,5.150366302779386e-09,2.8559575884034574e-09,4.995122887624077e-10,2.492074984253894e-09,9.057951893796396e-09,2.0079459266210004e-09,6.584002150971045e-09,4.519869501612383e-09,1.0163913812606428e-07,1.1166052644667622e-10,5.224948409807528e-10,2.8264681025280045e-08,1.0413555451476477e-08,2.1960365174765549e-10,2.641006578054621e-09,1.1629259230432317e-09,4.01112256999586e-10,1.5090820690764782e-10,2.0528605500149306e-08,1.8996993874116104e-10,1.0966766634043613e-09,1.2288194636981276e-09,1.0371408466038568e-09,2.3762860511812183e-09,3.968857378489298e-09,2.3960852542570995e-08,1.2181781380111226e-09,1.7440071104941938e-10,2.654752468705973e-10,1.2063357777533144e-08,2.7219232371641335e-08,2.3459432970643004e-08,1.1942844256392178e-08,2.758138843361611e-09,4.775260780651665e-10,4.91708041909013e-10,1.9871045250880374e-10,1.5864781656698096e-09,2.9755220824006474e-08,8.265500614342456e-09,7.606432268726505e-10,8.511264153426142e-10,1.9457987385304945e-07,7.451574801694649e-10,1.5545063553648324e-08,1.5952169302750154e-09,9.433481632158999e-10,3.275470876145261e-09,1.4999860054320282e-09,9.4822602162407e-10,1.9818896317323754e-09,1.1009053782048009e-10,1.2785069489662073e-08,1.1508828882842468e-08,5.056009280781391e-10,1.23017429374975e-10,5.445536282980141e-10,1.212836561574186e-09,1.589919390924413e-09,1.2486699655614752e-10,9.177598717547334e-09,4.663345561044831e-09,9.59780935181995e-09,5.660024328129991e-09,3.178098490073008e-10,1.4968764690683013e-09,1.6998105667146462e-09,3.3882343254461415e-10,1.0832975901898437e-07,2.0670117633561136e-09,1.7831810812355267e-09,1.3751674964717826e-10,5.5236636213371924e-08,4.2643625642480836e-11,4.489321640246232e-07,1.0144768031110174e-09,6.760966622635629e-10,1.2669409884834336e-10,1.4281598802538787e-10,2.410925575427279e-11,1.8226907084763428e-10,6.911987976743924e-09,2.911743471905285e-08,1.1073676092299794e-08,5.358149217165071e-09,3.2270627735618424e-10,6.680931367543729e-08,6.778873806976259e-07,1.6642447846718586e-10,8.328067592037148e-10,3.7979645552334535e-07,3.249793345942333e-10,7.167640463608998e-10,1.4054606166599758e-10,4.487296731052312e-09,4.013925712875995e-09,3.75706531529029e-09,3.851342276258117e-10,8.662727621975789e-10,2.784865770294806e-09,4.433394285834395e-09,8.028303411847287e-08,5.470855016229044e-10,8.996822304868627e-10,1.5533208134420507e-08,2.2134628846553282e-10,9.598395173491074e-09,6.176986518701551e-09,3.434666312562233e-10,8.122771181791024e-11,2.4118742747178475e-10,2.8425669152116776e-09,1.0052960570753332e-10,2.0508635618528836e-09,4.221346971513238e-09,1.525333743981447e-10,8.342821487822516e-10,3.2300958077600095e-08,2.7822416057652997e-10,1.0243731969922344e-10,4.3313699988081965e-10,5.722007240280473e-08,7.106003863318269e-10,1.2916883526159442e-09,7.81371268592894e-10,1.2804635179441434e-09,4.767106903999415e-10,9.847661211966636e-10,2.585265826595964e-09,5.509390264736872e-10,1.4316024358548735e-09,2.0251838777291645e-10,3.0396871729176016e-09,8.985023915029492e-10,3.8399583709544037e-10,2.3616823739498793e-09,1.6795458093828776e-09,2.9139754367726215e-09,1.0094770988825337e-10,6.212168995668196e-10,2.076812354491664e-09,2.4744258780411427e-10,1.0016485419563873e-09,1.5334498289406573e-09,1.1711530043318234e-09,9.124568027050648e-10,1.481560848203535e-09,1.7565116439453916e-11,3.339484300528775e-11,5.231011129808403e-10,1.2205597171907596e-09,5.829562731600859e-10,6.326750992372888e-09,1.451801611172208e-10,5.21952982722392e-10,2.0887619060790503e-09,3.4089664363018346e-09,1.8840407040855628e-08,5.79975132288522e-10,5.052119919381917e-08,7.468649636050055e-10,1.2736822021630034e-09,4.059519240723653e-10,7.651132036264295e-10,2.5718882291980042e-09,6.4726575240597e-10,1.3085106947481642e-09,2.2212447274889554e-10,1.1620035572699657e-09,8.161008692746631e-10,2.9619519350936157e-10,1.5833342792355075e-09,1.4723707829214335e-10,3.493952186487182e-08,7.368583146534883e-10,1.892062182662806e-10,5.263340161707315e-09,1.2195544212006314e-09,2.7300106759243085e-10,3.493963737109248e-09,2.823986428718403e-10,1.0470346374650801e-10,3.361240244989696e-09,3.627177108577101e-10,4.2756854802837154e-10,2.4361378044568516e-10,5.950893400484917e-10,1.4451709787005055e-10,1.8910231272754375e-10,2.2698836973083945e-08,7.321064311110613e-10,1.2604235985232376e-10,8.962841048791e-10,2.9406064115652606e-10,9.240551133022172e-09,7.480005133832289e-08,1.5723024842686228e-08,1.429817032208568e-10,6.38026533214642e-09,9.119835439587631e-10,6.840245249559655e-10,1.765905846424641e-09,2.988464234038886e-10,5.479042041006626e-10,6.609591346172673e-10,1.4821939745293266e-09,4.640646161503847e-10,2.084247875187662e-10,2.733845779618149e-10,9.331294647989676e-11,7.918615725814867e-10,1.2269458638056847e-09,4.055309277575631e-10,1.5752802380308716e-08,2.6715671585959257e-09,1.1747325388205123e-09,4.1306126982454925e-09,2.886380819534043e-11,5.502986712214507e-09,2.199986851645001e-09,6.471077478290894e-10,3.5455332663874375e-10,7.450210502506792e-10,6.794267224732836e-10,5.662807407278528e-10,2.3875530446360235e-09,7.81729033853625e-10,2.032117736041356e-10,1.70928357136805e-10,6.53797217881177e-10,1.2781948515799954e-08,1.5239844058989477e-10,2.2334799635130737e-10,1.0992530891013922e-08,4.246945637486879e-10,1.24714251726946e-09,1.1626775217973215e-09,8.280423735154915e-10,2.363124270464081e-09,5.404148221924711e-10,7.464344990661772e-11,1.2098053034982152e-09,2.177942411238386e-09,6.294225767182384e-10,3.857563846869096e-09,3.520196970473972e-10,2.8470908178681996e-10,6.922965415486302e-09,4.5442264800510525e-10,5.135943305082587e-10,1.442209553049919e-08,1.6520441427589057e-09,9.231249842423563e-09,4.1239507479605735e-10,2.653528725299582e-09,2.738605448217573e-10,2.3647191909103395e-10,1.871446246203813e-10,8.506330463718702e-10,2.122166149677213e-08,3.244145237941465e-10,4.066959251913343e-10,3.4683722878577473e-10,1.4166520187721817e-09,4.143490472934229e-09,1.0462007313511128e-09,7.818270502114382e-11,3.0690486991231988e-09,3.224777157533537e-08,1.5247702116273757e-09,2.7303529757387675e-11,2.1937590968604528e-10,1.850371071700635e-09,3.466044450295052e-10,3.065408268443814e-10,7.082814482744425e-09,4.013558243823059e-09,8.543533324012506e-10,2.6891625789067494e-10,2.7961159711537814e-10,1.9440245485162915e-08,7.135098748540086e-09,1.3928644812771954e-10,3.045361108064564e-10,3.741630893799578e-10,4.424083277821582e-10,2.5245305978075536e-09,1.0090117670076332e-09,3.5890670776898422e-09,1.7760181767234853e-10,2.0580805601161977e-10,9.38237667392594e-10,9.957999604282895e-11,2.4582354982948153e-09,1.176346896699709e-09,9.273887029969617e-09,5.625087075093725e-10,4.4737747785558896e-10,1.7693582516729495e-09,3.6298347055582005e-10,2.0511139266895197e-09,1.695251769930241e-09,3.7213486743399977e-09,4.220058915205071e-09,1.4920876360224069e-09,1.3420415433857732e-10,7.727630989436818e-10,1.437381020206749e-09,1.1762392038546052e-09,1.1593469835615125e-09,1.4264952172428446e-08,1.956416731463356e-10,7.496737105652979e-10,2.3859584989085823e-10,1.450114185264354e-09,6.374447771051274e-10,1.504616507958869e-09,1.727521675719048e-08,2.268852365352274e-09,3.1076059505335903e-10,5.094731094509749e-10,2.436575860400811e-09,2.7224396819106714e-10,1.1103152797167093e-09,3.433397380041593e-09,1.8269170071624178e-09,5.215867502261697e-10,2.4659075503407677e-10,2.6959004777747236e-10,9.960094162753975e-10,6.498189095301355e-10,4.037527194803275e-10,1.63404884824534e-10,9.977401859510655e-09,2.181401362481391e-09,9.05521798345837e-10,1.474214196745975e-10,6.583421159158502e-10,1.3392594327756223e-10,1.235135741281528e-09,4.874797031421962e-10,2.7541106633900283e-10,4.786787291757471e-10,3.423364636049096e-10,1.9656799473555174e-08,1.737419945580329e-10,6.901471978044551e-10,2.2787828376472715e-10,3.461604734323371e-10,1.1315887723638862e-08,9.98901206687356e-10,2.828030503475071e-09,2.70950965115675e-10,1.8620402950719725e-09,1.693861100539648e-10,1.0160879686684785e-09,3.6402503546742502e-09,2.6119112765220735e-09,9.926714845483817e-10,1.2469522329413524e-09,1.7264263297645136e-10,1.0220590855328413e-09,1.5734116790507566e-09,2.8501146192405167e-08,3.52030439999927e-10,4.701227224323229e-10,3.945322174252335e-10,3.738308620351204e-09,3.5485524605060632e-09,1.2962295246499399e-09,2.2788448480309986e-09,4.97564874903387e-10,6.314426991041161e-10,5.154786172471716e-10,7.3521615069664684e-09,2.2215085480140213e-09,5.007944194612117e-10,9.210175797421438e-10,9.718685695632723e-10,1.514572402430047e-10,3.408873673814292e-10,5.887848936087635e-10,3.98390470089297e-09,6.874542962206056e-09,5.852200397315301e-10,7.111884954025403e-11,8.758156621114012e-10,2.5644511641292843e-10,3.793137295925255e-10,1.913255520687374e-10,3.9149649015848816e-09,1.2471003353043004e-08,6.359680417101376e-10,3.182660190615292e-10,7.991933472499904e-10,3.5842628570614736e-10,4.237236266073004e-10,1.031553718190863e-09,2.176679932261817e-09,5.815880195395385e-10,7.952277390169333e-10,4.435980328736742e-10,7.442257067518455e-10,2.6080170659955763e-10,2.5792064892374096e-10,2.0791655858894583e-10,2.8414488050165804e-10,7.831856343051339e-10,3.583934723017204e-10,2.991931870551736e-10,5.283635263430797e-10,9.380372596100154e-10,6.961334494011404e-10,1.0121575052172037e-09,4.078891642149233e-10,4.647732630765083e-10,3.498242998595975e-10,3.028401031424965e-10,2.805261278055488e-10,4.034324861086806e-10,3.0428528413510954e-10,4.170143882096998e-10,3.807053645621941e-10,2.771902177682332e-10,4.862613388268066e-10,3.0796607222361575e-10
27,too,O-ADV,5,2.6437940239303446e-05,3.322543621874658e-05,0.016132940718664432,0.0001500235887980609,2.97894515731504e-05,0.9773419372976738,4.832813343439653e-06,5.179632929744342e-06,2.167444639223632e-06,4.071859527089284e-05,3.707696582433053e-05,1.5398071085978697e-05,2.5850035119772634e-06,4.455186430730378e-06,4.1607952700562296e-05,7.107838364183108e-05,5.04205824663031e-05,1.5019816380263609e-05,2.9300167406072612e-08,1.236367986503624e-06,9.049879228241231e-07,1.0495801180652213e-06,1.3155403403686497e-05,1.1814799909213136e-06,2.930990803346672e-07,1.1621377282532773e-07,4.610658393631643e-06,4.555984293850398e-07,5.3250401203518984e-08,1.920080075563539e-07,2.0779328866639685e-06,2.29762180831808e-08,2.2396006198375903e-07,2.010139843510078e-07,1.2364893599106127e-08,3.494035713238435e-06,2.2659853410215835e-05,4.1024588180358487e-08,3.5321066550888416e-07,2.5813154985740006e-08,1.7461257803203663e-08,4.19038626310356e-07,0.00015640026413439842,2.2480305532652326e-08,9.998400485175474e-08,3.669784732948985e-07,0.00017209215000908202,3.002165771923322e-09,4.333338870984178e-09,4.659489261565789e-08,0.00013435311163614592,3.763109707253939e-06,2.2414467543630142e-07,3.595280043130796e-06,2.815801760078277e-09,3.0889383397244123e-06,2.170754421800615e-06,6.814111383558552e-06,8.129882465837121e-08,1.7862193052200418e-07,1.687400685295213e-08,3.1417124397438554e-07,1.2203201094347173e-05,1.4190657423061726e-07,2.5447966602142776e-09,3.16858692784824e-08,2.3828786509323322e-07,3.7577408948039764e-08,2.437667315580798e-06,1.1105488226336722e-08,5.309300217710096e-08,1.6103202194728314e-07,1.621618759461157e-08,4.287940193990481e-08,6.497352948600075e-08,2.196081756128119e-07,1.5207686536090953e-08,8.359586928728841e-08,5.1287045720896155e-08,2.8309570253324392e-08,3.657063899940195e-09,5.199622451079655e-08,2.9598345180194293e-06,8.080686036582827e-09,8.996213718084356e-08,4.6593316641693634e-07,1.1614247925532205e-06,4.558194369870637e-06,1.2104580469980612e-06,0.005192400928994096,3.602222821304895e-08,2.1812538023767883e-07,4.2277931526081874e-09,4.4007440525224174e-07,1.035745711947678e-08,8.671162783063003e-09,6.427320990213048e-07,3.4386175922934035e-07,1.1463960211196624e-08,8.146798009674448e-09,4.9031124486932114e-08,2.2522880555617767e-08,2.4996835463195526e-08,9.680340689153184e-05,5.428540025798566e-06,1.6937465199193748e-08,2.9252717987173663e-07,2.074841666592966e-08,2.2194462778055983e-05,2.250845096074659e-08,4.329226964361735e-08,1.2461451164993246e-07,1.9369119345761436e-07,1.7880736440471307e-07,1.0548785027507225e-06,2.967331350777886e-05,9.61272720068884e-08,1.9116733762438366e-09,5.2855355959348963e-08,1.7015176493146728e-08,3.695871509700156e-08,4.497137619992821e-07,7.788136563056494e-06,1.965067168352881e-06,1.736713574045781e-07,1.4340463730294292e-08,4.395001996415011e-09,6.80397442581074e-08,2.763446762459722e-09,9.165313851278934e-10,3.1838048783744166e-08,2.9035798763761394e-08,7.984079870509782e-08,1.7568636832880497e-07,4.169480049451325e-08,1.2267546054912703e-08,1.9291840004185968e-07,1.1779236309551526e-08,1.5217435796758706e-08,1.6606823888420096e-08,1.1289021065171415e-09,2.228570435003434e-09,5.395890595983002e-09,3.528132289895175e-08,2.856200186500224e-07,3.996542591924116e-07,9.012731162670583e-09,5.964873851778289e-09,1.929661429332636e-08,1.0812864039360703e-08,2.6222767175169453e-07,1.0316694161705279e-06,1.33545499304383e-08,1.2429588527416217e-08,2.5181441570592965e-09,1.3990370065715521e-09,9.950880907271973e-07,2.310982899033314e-08,1.175908409609548e-07,1.2556929604111872e-08,1.1382076653512587e-09,2.6141979398509866e-06,1.3895815148792328e-07,8.694982834640261e-08,4.1185017725503874e-07,1.4983290698548924e-07,3.3417050441012742e-09,2.367142789168554e-06,1.1558419614961788e-07,5.485345194149533e-07,1.3231228114063559e-08,1.7378857172221515e-08,6.182057859010934e-08,2.2114901930583643e-08,1.9944425382449497e-08,1.2560378941506426e-08,3.023476772973585e-07,1.705416574412793e-08,1.3664524999538687e-07,3.84933199713886e-09,3.2926873313280497e-07,2.875791879965323e-07,1.2726205311497496e-06,3.083015421371996e-07,8.10137369471614e-07,1.400351925859828e-07,3.1599065307176468e-09,1.9095743024127367e-09,3.9443329992948706e-08,1.8060125748347462e-08,3.6366851354474804e-08,2.9083783881584105e-09,1.721632831534651e-09,6.029459107411582e-08,5.325707795486379e-09,5.690990015468426e-07,4.622382367472961e-08,1.6410397681851334e-09,3.493834010923957e-07,2.362403212199007e-09,4.7272202756081443e-07,1.9499663024054364e-08,1.0737853689023329e-07,8.429037458373296e-09,2.7015653890211915e-08,8.03266159183068e-06,4.0065694748678914e-08,4.608719400285327e-08,3.1875964528157014e-08,4.987778191503333e-08,2.017466461239127e-09,2.6859372420437513e-07,8.439534844912637e-07,4.1251958324636686e-09,2.6354512274983394e-09,5.158984170481734e-07,1.3808777092252959e-08,1.6658542961030614e-07,1.3339027965614085e-07,1.8609486295802616e-07,1.8144095348861042e-08,2.9387127563438885e-09,3.596718566536985e-07,7.802410130870808e-06,1.4207170386818984e-08,8.582179962287784e-09,7.427686484613159e-08,1.3769595963479833e-07,6.4673050350555485e-09,1.2287110290361798e-10,1.631596393057233e-08,8.971568439440321e-09,2.45816048004564e-09,3.898630961857287e-09,9.292868539212552e-09,7.528325856748076e-08,3.76279007865885e-08,3.4719614525776587e-09,2.944079163884271e-07,6.445434418771511e-09,7.252082392006546e-08,7.452004988097124e-09,3.033375740921351e-08,2.332466682001432e-10,7.674440990033172e-07,4.0696637633904215e-08,4.2535466534950166e-09,1.5503845696014065e-08,5.469817199174372e-08,4.4030568576172975e-09,1.1257333052544681e-08,5.493236773476385e-08,5.162938732939163e-08,4.19770954584157e-09,5.063404232477309e-09,1.5509524413622042e-08,7.382690447266964e-07,1.2115337935557477e-07,9.356326094643763e-09,5.3496353526527606e-08,7.269119730408324e-07,1.9306038768984403e-08,1.1497557268526704e-07,7.142941909733893e-09,6.259915683004339e-09,1.628412791350125e-08,7.244143339602419e-09,2.0533617978576404e-08,2.0034643909624596e-07,2.097129078146343e-09,2.4507368924564153e-08,1.261642569559629e-07,4.030250694464791e-09,2.908555906905153e-09,6.071908941589383e-07,3.6311522299674554e-09,6.581168005986166e-08,4.6821534197695886e-08,9.134846656816832e-09,8.687348532609272e-10,1.4396151376017136e-08,7.27491380338562e-08,1.8313827028324604e-09,5.990210448008255e-08,1.419195667602556e-07,1.0321171111698197e-08,2.9894577272220803e-09,1.9638746448164383e-07,5.513053987011855e-08,2.1380997093910466e-09,8.280901771783734e-09,8.517703893099091e-08,1.424450624475684e-08,1.0286267798531076e-08,2.588415038610845e-08,1.7740021875417755e-08,1.661747010042397e-08,9.744161574524974e-08,7.355952471366196e-08,8.928413658983154e-09,3.3383303373981486e-08,2.0753551424477677e-09,3.760047568169869e-09,1.0373906562305443e-08,2.1331394322894863e-08,1.5022666168662357e-07,1.0014279683637199e-07,2.0009724123740408e-09,8.084412653959191e-10,3.864031302543782e-08,4.659504665325373e-09,1.8769881134333486e-09,4.333721291361692e-08,5.705112831527893e-09,9.817654345061805e-10,5.70180577208886e-09,1.3259523278435558e-08,1.19720767906746e-09,3.1933515654442326e-09,5.2042262046093516e-08,5.443488446237114e-07,3.682124657165708e-07,2.282720048654538e-06,5.688075910378e-09,2.680059723423325e-09,1.2850828744375682e-09,8.1071156820422e-09,4.731710196907497e-08,3.717602864708028e-09,2.9245673764714088e-08,2.660908080746002e-09,4.12707098589024e-08,1.114419154872482e-08,3.891617647895454e-09,3.435796784012075e-08,3.075507876140165e-08,2.1168045898009906e-09,5.343942042594569e-09,6.193786416687551e-09,1.0411683266851567e-09,1.441505521063391e-08,4.9337324113110084e-08,2.6096717447347406e-08,5.012192133047381e-08,8.673280024606157e-09,1.7797075881193365e-10,5.637232526991379e-07,1.1457664599071839e-08,8.307225682414212e-09,4.712415640527308e-09,1.7714054538937282e-08,5.779589916573837e-09,7.40688611843293e-09,6.525990173443953e-09,4.392842000933215e-08,6.299029712673794e-10,2.4137071114338263e-09,9.642760005347912e-10,9.083973314085713e-09,8.614135259959399e-07,1.2311761334118326e-07,2.4557611044626396e-09,9.795144450313844e-08,3.3451631301581335e-08,2.665938710636454e-08,5.932138817938396e-06,1.426534035121558e-07,3.439573537348766e-08,9.881948259753346e-09,3.257119114491438e-08,9.389220009275642e-09,3.726222922971011e-08,8.477508382373529e-08,1.7457470362022608e-07,4.070670912086782e-09,2.87957765140848e-08,4.7640370416594245e-09,4.5492066206239375e-09,2.7811288360009917e-09,1.4586358896185849e-09,6.8077354928743284e-09,2.6283028841764313e-09,8.303930622765546e-09,2.3348014087133673e-08,2.686593068494417e-07,2.4308489498197723e-08,6.519200781328562e-08,1.0040629990812626e-08,8.685170432257594e-08,1.1008009527938278e-09,1.1018392101501919e-08,1.0028992942686346e-08,9.832581320830486e-08,4.47977126986664e-09,1.4131498157691883e-08,1.6635736630604448e-08,6.322869725515978e-08,1.883695757511063e-08,1.6077230567687403e-08,2.4523079974851737e-08,7.430658409118002e-09,6.877690598616733e-09,5.603480414395057e-09,2.006959088814617e-08,5.170980569151599e-08,4.77087512752249e-09,7.330877209770029e-09,1.166761274937505e-08,1.654006084417023e-08,9.768278194649915e-08,9.09840024320195e-09,2.2320416748056487e-09,5.849502747823112e-09,1.5795164126280926e-08,9.18908910607464e-09,1.0724824864373243e-09,6.848368617307227e-09,1.0142258054224775e-08,3.0417387193736677e-10,1.238453120011135e-08,5.093470577044457e-09,5.49778310139317e-09,1.9987076812055013e-08,1.0392284839692835e-08,3.600915793619447e-09,5.000444573965608e-09,2.73050157483876e-09,1.2511028852571783e-08,6.041246902502149e-08,2.7582047796895267e-07,6.028927050116467e-09,3.9266780206649165e-08,2.522836230344659e-09,7.038212388601702e-09,1.1803384711884214e-09,2.6967877949823933e-08,4.5932893589697825e-09,4.8125508352534514e-09,2.487651416521447e-07,1.801553762509764e-08,9.008086360639167e-10,8.308239809945445e-09,6.511666581697472e-09,1.8706406647547898e-09,9.193857631580175e-09,4.378268331541923e-09,5.093609180890232e-08,1.1191906529410212e-08,4.981541282855825e-08,7.515037202800663e-09,8.737571512052152e-09,4.146892301672776e-08,1.8394484810274761e-09,2.45088647813052e-08,2.497785423817315e-09,8.144063642662532e-09,4.865714600396739e-09,5.7456298112676363e-08,7.051541925144039e-09,2.598871624849715e-09,6.115651386305396e-09,1.0870101960577282e-08,3.970553419588576e-09,6.580788090917255e-09,3.985850441855959e-09,4.4957802744057644e-08,1.3125100519144312e-09,6.408190925315535e-10,8.738104827369961e-09,1.7835076213379993e-09,5.516251570015277e-08,1.9642942185154547e-07,3.0124346783491054e-08,4.872996044682124e-09,1.0706114440524302e-07,5.567174549991867e-09,3.9061337087870635e-09,8.289498475242179e-09,5.1478350711775184e-08,9.56068280369335e-09,1.2545438652648532e-08,3.1174743199897787e-09,4.803453665740551e-09,1.9549778707343288e-09,6.295741817962117e-09,6.0267195953110414e-09,6.666696630991705e-09,1.4754196572308358e-08,6.564741310068214e-09,1.4218447639472623e-08,3.1000282757985214e-10,1.6569868664501896e-08,2.558579854899001e-09,5.560043460324326e-09,1.279283296699079e-07,9.264238830415699e-08,1.0899036777227027e-09,3.39504320208853e-08,1.1602318326153388e-09,2.861201252314224e-10,5.798828077938819e-08,7.124219753990632e-09,4.923821362593858e-09,2.5925258917578416e-08,3.739893775671116e-08,1.898939594288251e-09,8.615798147729904e-10,1.8011689502097592e-08,3.0595102392391387e-09,9.398680468616608e-09,1.827189753355502e-08,1.908991635495581e-09,2.8070596596420636e-10,5.6927646719493115e-09,7.904344661564606e-09,1.5059027404696566e-09,1.2054893425804288e-08,5.471504797779486e-09,2.019307677108675e-08,2.2874847435641865e-09,1.1339048737647781e-08,4.277992401816107e-07,2.9638409689386296e-09,2.747805128862654e-09,1.937634193955488e-09,3.1967642551484773e-09,1.8391617448100835e-08,6.2366524452338506e-09,1.6156471096469997e-09,5.777297443220157e-09,1.2910929317157817e-08,1.3329305811748529e-08,1.1748720635434608e-08,4.13892711517276e-08,1.4376394839514864e-08,2.6426909236889105e-08,4.538390698745672e-09,3.9136508944293115e-09,1.0605342440399526e-08,1.476495801564716e-07,8.0229416474531e-09,3.222240754915475e-10,2.3201694379455507e-08,4.444095600551937e-09,7.52511009594284e-08,2.4951189254711997e-09,2.1989800080515074e-09,7.059269900454463e-08,6.529775261583534e-09,2.6102379194456282e-09,3.5701565804147075e-08,1.6867313781014748e-08,1.0350505594168746e-08,5.848055487851953e-08,4.649546142814303e-08,2.4449928635617154e-09,6.657953956842285e-09,2.6553108674299055e-09,2.9975784140379545e-08,7.160402037715956e-09,3.883181784168656e-08,4.885802077347487e-09,8.571971651832811e-09,2.635933837213609e-09,1.9007886494671384e-08,1.8838744507644863e-09,2.4198286821181753e-09,1.0766436477743297e-08,8.59502302242893e-09,2.971720509118761e-09,2.033103502099591e-09,1.3018589189009938e-09,1.2479420285864406e-09,1.6990844844088617e-09,1.0326246113932145e-09,9.934291217668482e-10,1.151308237453813e-09,1.3333418292490746e-09,5.521827929832312e-09,1.9344437008067266e-09,1.7981542281653404e-09,2.3809317702331092e-09,2.237019722704357e-09,2.144372858079147e-09,1.256348734800195e-09,1.3073531622942026e-09,1.1453507309091608e-09,3.1752765890011026e-09,1.2206714678857992e-09,9.978957395600223e-10,9.665150760969844e-10,2.2771068904513898e-09,1.846704234906642e-09,1.5358383431187654e-09,1.2297198076293125e-09,3.0893460693216622e-09
28,especially,O-ADV,5,4.02185592154989e-06,7.616577305401097e-07,3.94272937746437e-05,8.194814997090384e-05,6.198304052144633e-08,0.9989324549976594,2.5509139840617473e-06,1.2993411778463064e-05,6.999633187562388e-08,1.4536887738656406e-06,2.147240001951656e-07,2.849834852885172e-06,4.558487658276253e-07,6.278432259836821e-07,2.654483103608424e-07,7.38877610361323e-07,1.377707081519245e-05,9.423923833884795e-08,6.711401718777769e-09,2.8677480420039812e-09,1.0460341898074554e-07,6.53413913683504e-08,3.2745605393973954e-08,7.875665332271011e-08,1.777693287861734e-09,1.0608868109303296e-07,1.0977744026861973e-07,5.547332083339167e-09,1.4233642693595272e-08,2.2232719190784953e-09,3.861909309631151e-08,6.240629973501292e-08,1.0831653597853464e-07,7.815568888603795e-08,1.7939397203266976e-10,5.61815041071393e-06,5.799162849722744e-07,6.021919641099532e-08,6.787405859398812e-09,1.4112104817632307e-08,6.024880667062622e-09,1.8500261736722815e-08,8.33329630775253e-06,3.6342683616648857e-10,4.3065622863112315e-08,2.208447956960382e-07,6.458189845974988e-07,1.492998612021972e-09,1.0195046400656635e-09,2.5591961240204958e-08,0.0007761511078879314,6.110034703390829e-08,1.959750118240385e-08,5.3465343513911184e-08,7.695859622744764e-10,4.600007533531698e-08,1.569325171340597e-07,9.369438834757082e-08,7.871126098526722e-09,1.5624490192577972e-08,3.472502751947687e-10,8.682814010849295e-09,1.4510785053409018e-07,6.839827766862751e-10,7.921300585616816e-11,1.4941837123692532e-09,4.80195624213888e-07,1.2496528622506548e-08,3.297021915397581e-08,2.9572455231507423e-09,9.36006969567668e-10,1.779804448469699e-08,8.015870906273906e-10,2.3864524703526494e-08,8.328294215942925e-09,1.4406699294492327e-08,9.882885692179817e-10,1.0582065268443911e-08,1.197025013609694e-09,2.493444297987167e-09,1.4867143507558603e-07,3.1757611347249343e-09,2.4395358825954154e-07,2.059253828137156e-07,1.405236885617133e-08,5.139689368963332e-09,6.574321208951177e-07,2.0912855667690747e-05,1.7512907495959526e-06,5.034233551167614e-06,1.4974654900064617e-08,2.5685069760450196e-08,3.599267802407679e-09,2.932601286973561e-07,5.294899381770021e-08,2.194213276742252e-08,1.9241925545170188e-08,1.8593085470911025e-08,1.7615460524439615e-09,4.047149455560251e-10,6.328875197188224e-09,7.891114696604835e-10,4.557961372314912e-09,1.2823236144168297e-05,6.37207167513743e-08,6.607329236344146e-08,2.792089842959962e-08,3.763618867300992e-10,1.3333286056917056e-06,9.328354881478486e-08,1.3970271511850392e-08,1.591715662965525e-09,3.716885350644523e-06,9.355184034700764e-09,2.484161680118752e-07,6.933256732362262e-06,2.4226284987450528e-08,4.4089877122125204e-10,7.93041334115117e-08,7.902173966576218e-09,8.114072933777078e-10,4.327524083497316e-09,2.5200577506141374e-08,1.7924443914311844e-07,4.35468238612769e-09,6.341462847397321e-10,1.838157817248978e-09,1.3799088053064227e-08,3.4041842573400552e-09,5.8892476362169585e-08,1.0177327513018235e-09,2.994571031801937e-09,8.422352031985316e-09,1.9452114491134877e-08,2.7193493931858594e-08,3.917235589529857e-09,1.5057598993902395e-08,2.012226642342005e-07,2.0638601588023846e-09,1.090598781823019e-08,2.2055063751160798e-10,1.359104832639517e-10,1.3433527709741246e-10,1.1230262691401324e-09,1.946517876755593e-08,4.173058155826671e-09,9.629494944230059e-09,4.786933375141658e-10,2.5745581993345924e-09,9.908890265848164e-11,2.1328139658748523e-08,1.1845565534976819e-08,1.6076249321353204e-08,8.484468463936359e-07,2.1294390971768344e-09,6.109515733187961e-10,2.1252192378461765e-09,8.036691020389259e-10,1.8188446574296342e-08,9.33211814168085e-10,1.4712879172599196e-09,1.4745145327170772e-07,1.4486055415866615e-08,5.796920104331312e-10,5.207068542776405e-07,4.36091848589501e-08,3.8729111039968684e-10,2.6817689758471142e-08,8.039581527475763e-08,7.936682042630209e-07,4.5224910355081324e-09,2.55093928326951e-09,1.1109931692369713e-09,1.0743496953531252e-09,6.003609908385994e-10,4.949583514731401e-09,9.093681228033579e-09,2.3129661061829523e-09,1.6528455377832953e-08,1.77384564434468e-09,2.9097004237469763e-08,1.558734233814891e-08,1.3180807557612446e-07,1.0199403125037378e-09,4.1636172394959917e-07,4.291750930690271e-09,3.554188178824785e-09,1.0452786986456631e-10,8.116221342273983e-07,7.284959406587206e-10,1.0935685599338776e-09,1.4525501975869932e-09,9.663381181024043e-10,4.2016826467105425e-09,1.2215285631984336e-09,1.4874858565296302e-07,1.179366302833717e-09,6.51526606828822e-10,8.85568854875253e-09,4.884476483485909e-10,1.140351985521991e-06,2.0352141403355655e-09,3.334970063737487e-08,4.044296370688445e-09,1.0091657417318172e-09,2.2813968336531002e-06,4.793495896940704e-09,1.6514896555848252e-09,5.582997384676017e-09,7.4200080611498625e-09,1.448654539270934e-09,5.615806285937803e-09,2.774168753699895e-08,1.8513877901124565e-09,1.0420583771025894e-09,2.491154290741448e-08,1.2436459293397802e-09,1.939520927241739e-08,1.2148328863116125e-08,2.2694063520093565e-09,8.83110034209071e-08,1.0573061791793366e-09,1.2137171701457303e-07,2.6237889696158208e-06,5.62506847923533e-09,1.1108538858699217e-08,1.2926347599634972e-09,2.270022244242603e-08,9.993890705148707e-10,1.1931305345458189e-11,7.418447670205157e-10,1.3934125734948537e-09,3.6264023427084806e-10,1.163600422544692e-09,1.3829065332738413e-09,4.591312134828246e-08,1.1683290233152745e-08,5.10921116642859e-10,3.2267353388616033e-07,2.0897820583938583e-09,2.32123944409409e-09,1.3358262531688642e-09,9.026248373732357e-10,1.0885776393147396e-10,5.546654960107376e-09,1.7953636992697737e-10,2.270799417506716e-10,3.0022673172829134e-10,1.57028849496415e-08,1.4960593818560926e-10,1.52128428042665e-09,1.937450401368927e-08,2.4332982424799806e-08,6.210463006786982e-10,7.166765560898628e-10,3.4801296466743182e-09,1.2293780371868957e-08,6.356533834332855e-08,8.303958074647874e-10,5.100142040580904e-08,4.666034885960606e-08,1.5752854457342706e-09,2.568820533631891e-08,1.8077890730890157e-10,8.309788704534243e-10,5.173365300590811e-09,3.10437291542665e-09,1.3842953560795363e-08,6.530793292251155e-10,6.629793027842152e-10,1.6565373002205079e-09,1.9235467242608378e-08,4.605235016050327e-10,6.390614451929553e-10,2.0742154288795653e-09,3.5148296721359326e-10,4.2705996483642785e-10,1.2706497708241036e-08,8.605258784625114e-09,3.887357387907574e-10,1.1890152649298956e-09,1.4292404456874498e-08,8.865181805216943e-10,2.8881239686442984e-09,1.0433028073075089e-10,2.0152512234759532e-09,1.428203464899645e-10,1.794426576080707e-09,4.059381936047719e-09,1.1445121581113133e-09,3.0827433669776187e-08,2.1644844608856407e-08,4.4021309165680393e-10,2.372518079944087e-09,1.595016940579871e-08,1.0698346653781096e-09,7.416838568814965e-09,1.7340770454892362e-09,1.2341143601178761e-08,1.7993069790620401e-09,2.4994629668541967e-09,8.93525763607117e-10,2.2369588504376342e-10,7.308340375306485e-10,1.4850463928270655e-09,5.162781174957182e-08,2.0581925708787847e-08,1.7477309160214071e-09,3.159724116880729e-10,1.312469997897561e-09,6.403889994992369e-10,1.2140996647159075e-10,6.245604257435494e-09,1.935506614379751e-09,1.3984013477603174e-10,2.797823105828868e-10,1.2399699258907418e-09,5.321988563752541e-10,1.3930770317462213e-10,1.318125338570617e-08,8.890620049799194e-09,4.6546570937851775e-08,1.0689826002825814e-08,3.2306100788490685e-10,4.376665255341537e-09,4.268254382118493e-10,2.081507721234013e-09,3.946031605314118e-09,5.56974199653308e-10,3.801816472939004e-09,3.479928747123762e-10,6.782872838011987e-10,1.3558690238323067e-09,1.0873159823878843e-10,1.2724001478653698e-09,3.7105877431610044e-10,3.4510568579998283e-10,2.9811672224425866e-09,9.779411267652673e-11,8.279413002933387e-10,6.436806748036142e-10,1.4626030237656515e-09,1.2822623059162207e-09,3.4433658255821745e-09,6.910745315898843e-10,5.32411796814513e-11,1.022710920622162e-08,1.6970634615472705e-09,2.917178585021982e-09,2.0449263705223526e-09,1.6487254605490174e-10,8.540898207083392e-09,1.8114339192306595e-10,7.76664083821817e-10,7.297618510631165e-09,4.412771355941423e-11,4.5236102485968607e-10,1.0158122882473791e-10,2.2977071191003043e-10,1.7695742509709382e-09,4.5928688500188594e-09,8.648463643143398e-10,5.115434893608348e-09,8.891463441740443e-10,5.065104268983501e-09,2.824561748579195e-07,2.5474385056138266e-09,1.3676296643661425e-09,6.663870949230473e-10,3.9295680496949365e-09,3.619989217086863e-10,6.0103728459109214e-09,7.328664572605958e-10,1.634741734116424e-09,1.8209671765852837e-10,1.6768826281980814e-09,4.687760362934501e-10,1.543973411188867e-10,3.031915008227e-10,5.132966173816829e-10,2.1536856533903376e-09,7.125982835428062e-10,3.059707097645608e-10,1.292832015423883e-09,4.389893694993695e-08,1.396179349244389e-09,3.2315747667585025e-08,1.2234271817088512e-08,4.804333284904717e-09,2.3532086337332985e-11,6.379702318673029e-10,3.4610765756551163e-10,8.483488916117708e-09,1.1022127961285972e-09,1.035275116184374e-09,4.6232593962802314e-10,3.1929617758120716e-09,2.92092004175959e-09,2.1419599861923045e-10,6.5078919905423525e-09,4.021650339575282e-09,9.79042756425471e-10,3.228540343829633e-10,1.980075987929158e-09,4.345110132212553e-08,1.8709832206515445e-09,1.1722257179053801e-09,4.318830806594448e-10,2.4056259944860817e-10,4.173822335557024e-09,1.2408405716289675e-09,1.7451251490522789e-10,1.3327766918359092e-10,1.793167502282876e-09,1.9076521762050363e-09,8.390339986356305e-11,2.1341953693702016e-10,5.784020197526082e-10,5.2390164317022234e-11,1.5631695830364773e-09,1.0327821894264185e-09,4.626788009163516e-10,7.852891467189857e-09,7.22275477550205e-10,5.464496253143608e-09,2.3972061206694637e-11,6.893473200913617e-10,1.0258088395056882e-09,7.054770603797591e-09,3.7371679531582885e-09,1.87041232900106e-09,5.888567711516893e-10,9.288646282230893e-10,8.851124680218295e-10,2.628632431455323e-10,3.925492853669037e-09,3.0553216255277505e-10,1.1652706025894902e-09,5.973617862700928e-09,1.1051768184879004e-09,1.624353618053964e-10,4.0204365076220776e-10,2.1959695007831661e-10,1.1979425799411647e-10,8.884140119154534e-10,2.639564954282133e-10,1.1038959231818726e-09,1.9098720163652203e-10,1.3369681940863675e-09,6.82481534760606e-10,3.6967861533634463e-09,2.3033862870872105e-09,3.724201233152399e-10,1.9953623270086186e-09,1.6563911224723034e-10,4.257196902978931e-10,3.77015892334851e-09,8.520100004399862e-10,1.6386876691383948e-09,4.0403621473063373e-10,3.3951692601674563e-10,1.6217230994567533e-09,2.591831067564798e-10,1.603177190860987e-10,3.6410401159521863e-10,1.2547394560895833e-09,2.646097828846113e-10,4.697944101374669e-11,1.548834234632911e-10,1.349680994187138e-10,2.016358538140936e-09,3.410215065713298e-09,5.629208521050649e-10,5.682889491412675e-10,5.642451890379064e-10,2.3863875318231305e-09,8.335441275594582e-10,8.089348494000041e-10,1.7261045342898978e-09,2.11306111831937e-09,1.1585296884810383e-08,1.8095001320031143e-10,1.661955366624381e-09,7.269635513179229e-10,4.139586083414489e-10,8.813389264715065e-10,2.1533570521103433e-09,6.527007613993897e-10,4.544488822507984e-09,6.971113737685241e-10,1.9973184776974096e-10,6.105228942477417e-10,5.5900242784812996e-11,4.099232087388042e-10,1.57908786533377e-09,8.7418678457204e-10,2.0048910085823982e-10,2.6217252657111246e-08,4.2193002185760394e-10,7.928314117055671e-11,1.5417082903643099e-09,5.007469170471982e-09,2.1298940430366385e-09,1.428285916425251e-09,2.6882511093278623e-09,9.93671687782434e-10,2.714889684133738e-10,9.55458920636917e-10,8.915403448906733e-11,4.043309114164436e-09,1.1314198591301991e-09,2.51930546437026e-10,8.659584444722441e-11,4.178041638259235e-10,3.1080698948120063e-09,1.884276932752772e-09,2.222050974710878e-09,8.426750529812345e-10,4.960184665325002e-10,2.9226141815778992e-09,1.5778835763595572e-09,1.903226525069212e-08,6.912244619111648e-11,8.810162296081549e-10,1.101136941849851e-09,6.64214636141371e-10,3.320965596762075e-09,9.94794326251401e-10,5.676977229199558e-09,5.937107273071314e-10,6.821691910025341e-10,1.8382139142297397e-09,1.1203220389384594e-09,1.4296814081720608e-09,5.304476704468232e-10,1.1022127961285972e-09,7.486220505053198e-10,4.1855711338073323e-10,5.804000743618048e-10,8.755989713934834e-09,5.148183318172321e-10,1.200398460664809e-11,1.9765139953457362e-09,2.7371105489808867e-11,6.255141567768548e-09,3.547264906531968e-10,5.6583347008025914e-11,1.2381508001981579e-08,1.4359341910753036e-09,4.545890930241855e-10,2.025115380156041e-09,5.836327010173045e-10,4.1180398975283487e-10,8.719220877500834e-10,1.3708890081710449e-09,9.345258743229522e-11,2.9800855380804645e-10,2.0111415424789714e-10,1.2142438651306855e-09,5.183021997986722e-10,1.1315925132720457e-09,2.249074725870566e-10,8.313847209315388e-10,2.1903473935847262e-10,6.480959096074509e-10,5.788983847501244e-11,2.7924491580118505e-10,1.80580406729115e-10,4.803909336333733e-10,1.2782423110018328e-10,3.1968723826139407e-10,1.2508057475113232e-10,1.9447494601339947e-10,1.7514742529269653e-10,1.3541780700881427e-10,1.0567935360485168e-10,1.669993817090984e-10,1.8301037485738454e-10,1.7481634394474194e-10,3.018620396165433e-10,1.3618450461296178e-10,9.005642327132446e-11,3.758453870657768e-10,3.74448662086239e-10,1.3302573427623038e-10,9.619278625268527e-11,1.3941402707168884e-10,9.084865081587104e-11,3.742430277771773e-10,1.0732718319104394e-10,1.9739285298931455e-10,2.056762022346511e-10,3.160302732618508e-10,1.7385868179241485e-10,1.565036326289337e-10,1.7314916356611913e-10
29,if,O-SCONJ,23,2.399874786793834e-06,1.7231926651026511e-06,7.538366719430704e-05,5.3274254524556323e-05,1.1955123987340533e-05,0.0008143431976287612,3.890616213846276e-05,0.00015255828057986158,1.9677611260745137e-05,1.5670280380530702e-07,9.482166174930959e-07,6.893802796897205e-06,5.480140148363421e-06,1.6737417608448625e-05,1.343417000378512e-06,3.198781894757035e-06,2.083266452231789e-06,2.7806012579663557e-07,5.554767533329864e-08,7.449884629106045e-06,1.591510850858422e-07,7.088582644625256e-06,1.306267743394906e-07,0.9966182797679267,6.339872909753375e-08,2.0099491734639254e-06,3.3023480207346853e-07,8.769837763729104e-07,2.776455540312737e-08,5.650667215776197e-07,7.616370048254214e-08,9.002255684514767e-08,1.3341019391104571e-06,1.3796937028802e-07,8.056800918608096e-09,6.107777359872766e-07,4.430254267263169e-07,5.7763968687095316e-08,3.089137091626414e-07,2.359665196765793e-09,1.550048282809724e-07,1.8772621288772123e-07,1.4463824856964657e-05,3.624043095718465e-07,4.376784353435241e-08,6.203203584628973e-07,5.122413897688445e-06,8.554928214000427e-07,3.488423514012595e-09,7.417468588997382e-07,4.98804965067246e-06,2.42424755118189e-07,1.24915305809342e-07,4.9324791149573836e-05,4.095217346744124e-09,7.341823449183475e-08,8.620446752113316e-07,8.856711072679461e-07,4.1389134323796735e-07,6.180716937252445e-07,1.313347126912378e-08,2.3391518583434018e-08,3.757855573705159e-08,2.4057489672212414e-07,5.03138190981265e-10,6.638860022806095e-08,2.2712545301938437e-06,2.379245439288162e-07,3.2158234226826293e-07,4.330444817175486e-10,5.12887804557162e-09,2.281257592490236e-06,1.902703860072097e-08,6.956851620220319e-09,7.214335933271017e-08,1.657189147700802e-08,1.0198780621871469e-09,1.9112460871974696e-06,1.710002705944055e-08,4.050582409494528e-08,9.425906055242646e-07,1.5512786675826694e-07,1.605702081791636e-06,6.523799809545258e-09,5.452484459626808e-08,1.549018191968167e-09,4.736606697598337e-07,4.93326442646428e-07,1.8351689250670533e-06,2.156163278200186e-06,8.233779015955087e-09,6.001005759976288e-08,2.6080794134980915e-08,8.999753728468391e-07,2.1292300721042552e-07,5.835951506898322e-09,7.282688400991702e-08,6.820605985434575e-08,2.845499072830692e-07,4.327377714122854e-08,1.7288344577276698e-07,6.603319502858052e-09,2.668389389418852e-09,2.5288403097930608e-08,1.9121732192667775e-05,2.1353539214405823e-08,2.0920015470790654e-07,1.992684805532388e-09,1.5643522986704852e-07,1.4527670533801694e-08,9.93028512578124e-08,1.6697224558856445e-07,1.8937186360224619e-07,2.994286984401611e-08,1.4716774783950774e-06,2.3218540516513235e-06,4.667174193703929e-08,5.569402056834291e-10,1.6429276392573127e-06,6.577776334585836e-09,1.8356352241569162e-09,1.0920605823030217e-07,3.281251962620467e-07,1.133697268588751e-08,5.538517615535426e-08,3.4025112154117345e-08,2.130797182187534e-08,4.908352335698914e-08,2.75284111950429e-09,4.823284106429917e-09,5.9207837473596735e-08,1.1587733727820461e-07,9.38520935853176e-09,1.3636613993751334e-07,4.8713443826786424e-08,4.5897711205023765e-08,1.733377763393355e-07,9.603051287655987e-08,1.2183600036614713e-08,4.4936004603455285e-09,1.5811131403592214e-09,1.8498629218939181e-09,3.646365524646097e-09,3.2629001709320395e-09,3.1465203737970645e-08,1.4078982370204818e-08,3.466867833651775e-08,1.275078064899995e-08,7.011391704837872e-08,1.1506721746255115e-08,3.058836502756726e-07,1.1306567559788545e-08,9.913361689113312e-09,2.729807956421298e-06,1.5301674059904913e-07,9.687857127957667e-09,2.4951868228063282e-08,2.7424344933951033e-08,1.935979207861564e-09,8.966885563859002e-08,1.0150308693686522e-08,7.998224362140013e-08,1.921434613142919e-08,1.0942660013734507e-08,1.3053425595044589e-05,1.2619506253680267e-07,2.5528777985675996e-08,1.9228947538904018e-07,2.1055870632802005e-08,7.291782248759029e-07,4.5166831672703514e-08,2.1720941109083306e-08,3.6952070532761853e-09,3.4618987788581056e-08,6.999656327580692e-09,3.4922465715898985e-08,2.4053164534415996e-08,3.1615358601540396e-08,4.0182020548444895e-08,1.4634464986276815e-08,6.126278578973871e-08,4.883384726219962e-07,4.518214579008695e-09,1.254884334842811e-07,2.54735234387946e-08,9.352298577023023e-08,6.936076687978803e-09,1.0536020441006693e-09,5.451301786281382e-07,5.452650858786317e-08,1.2236512184269878e-08,6.954751873082376e-10,4.5707612539471615e-08,3.7020923549972784e-09,5.0889479764623865e-08,2.5964847919630115e-08,1.5525100290004757e-07,1.424020690608302e-09,4.219286270079182e-09,1.8123619498842887e-08,8.784301925849334e-07,3.389648627084268e-07,5.7868068546006994e-08,1.0701250068855617e-08,3.624951947145486e-09,6.947917500231402e-08,4.1642526055412857e-07,1.1858224723517042e-08,9.933955211221562e-09,2.022267814879157e-08,1.3339886240169107e-08,5.820635823021077e-08,5.157129337583657e-09,2.442457260392376e-09,5.4175054793938304e-09,2.0806683346071708e-07,1.7390529023838643e-08,3.0264508393139054e-09,2.9672702246068413e-08,3.8996890079527235e-08,2.7311592536692813e-08,1.1375788401910924e-08,7.945917565623656e-08,0.0019590599711501854,3.054928485675852e-08,3.353442347189684e-08,3.846983268187932e-09,9.934258376101716e-09,1.527093553896e-08,2.0869210482650678e-10,3.234337302264433e-08,1.754196564575921e-09,3.993642913358501e-09,7.042724407379092e-09,3.197056941055082e-09,3.1609361191949225e-06,8.856711072679461e-07,3.844635972349993e-09,1.3569318169185993e-06,2.9161104779056976e-09,6.287677493945612e-09,1.4635406613279656e-09,4.363447827864572e-08,1.852518132460964e-09,4.00803699312566e-08,1.5631695830364773e-09,6.2163000629609e-08,5.785394232404712e-08,2.2223148909951204e-08,7.580709442829458e-10,1.1845927038464546e-08,2.1003245423499743e-08,9.240238590870371e-08,2.2351698452122547e-08,2.2838500304587184e-08,4.656803709298785e-09,1.2649236930239596e-08,2.784592408745968e-07,2.6320754326765753e-09,9.485960126395206e-08,1.3674582069082529e-08,3.504738123402327e-08,7.609864699331614e-08,6.082129103758092e-08,1.8433198185386535e-08,4.954419453296307e-09,1.2173936707724833e-08,2.8469851092064135e-08,1.9404746051656894e-09,1.2212636070517324e-08,1.1446093782074419e-07,1.568947268828318e-08,3.4579919805961365e-08,4.670181639314897e-09,6.978753569572065e-09,4.8700227114138034e-09,1.6954125867993836e-10,9.861161606960377e-09,1.4639873666510335e-09,9.205087455067683e-09,3.1887745409756e-09,7.69698311648207e-08,3.160281837494867e-08,1.3545042424872582e-09,1.710002705944055e-08,5.870764965613614e-08,1.7146591650289741e-09,2.2373536944232857e-08,3.949525427625676e-09,8.266284705504767e-10,1.951084386833343e-06,1.1976422306291893e-08,2.5991802966804963e-08,1.2983234916196792e-08,2.146599009055609e-09,4.0801096342173054e-08,1.8264152983223503e-09,3.943851542719418e-08,1.862659316815287e-08,9.523699869648386e-09,2.633843166514931e-09,1.9631086538525596e-09,1.168836022023453e-10,1.1547528176281237e-08,1.1490930514122054e-08,5.739496092877318e-08,6.970004027083734e-08,1.6346419604441355e-09,8.178933272972747e-09,1.8035891365498752e-08,2.912276676873471e-08,9.551673822018568e-10,8.59053669167146e-08,1.1148310275894189e-09,2.3769309494038738e-08,6.919563011111905e-08,1.215352029809967e-08,9.746902700062829e-10,9.00698680783484e-10,9.964892791720446e-08,5.992241469059653e-09,3.8660364775516275e-08,2.674984760722276e-08,8.35629872491496e-09,3.524915319427692e-09,4.973506934735327e-09,5.127939005927195e-09,9.72310343178976e-09,9.124568027050648e-10,1.503739361859741e-08,6.422678900834495e-10,3.5623323867320287e-09,1.2669368001295642e-09,2.2100733712860068e-08,1.732801706078294e-08,4.30828540400297e-09,6.571155321585648e-09,1.6067911145149684e-08,9.940020267026395e-09,2.5642861699799985e-09,2.7857157735755425e-09,2.7849415522395315e-08,1.4509504578841072e-08,3.316104462334124e-09,2.671893297539377e-09,3.3320309036142763e-09,3.6544978917263256e-09,7.856966595074811e-09,1.527513040272567e-08,8.925961733666937e-09,5.998828359782598e-09,3.156137458973561e-08,3.7895379867478936e-09,7.867309721770694e-10,1.1054804060565012e-09,1.765367016951379e-09,1.5524729154362046e-09,3.770504107508006e-09,1.0927345515242215e-09,2.123656230102104e-08,6.695422956677297e-08,6.774804762999427e-10,6.0453242624303265e-09,7.457464998834585e-09,2.2069056775039278e-08,7.779398984029104e-08,1.053948822192618e-07,1.0601459359058745e-08,3.4894767230160436e-08,4.029745428633891e-08,6.041062541090975e-08,6.0665777307467244e-09,6.028375110625851e-09,5.748592406423889e-07,2.616139282797053e-09,9.19694446662016e-09,4.15412583958099e-09,9.630376591180832e-09,1.3564070424541215e-09,4.2879543694496686e-09,2.166467012996558e-08,2.4978533937133667e-08,3.9539875545371414e-09,7.4129672131586e-08,6.75844645057639e-08,5.060623585258424e-09,2.4330754775698554e-08,1.5340064266217867e-08,2.6676477760720525e-08,6.514271993425821e-10,4.511463264740264e-09,9.982579466855282e-09,5.7379199096593395e-08,5.678709969542363e-09,6.4949954541842044e-09,1.3087503121492493e-09,1.355910402302551e-09,1.8832933996619428e-08,2.9066037964823485e-09,2.159338311944081e-08,5.248726267495131e-08,1.6065949849925366e-08,3.540871965246943e-09,8.396203512435163e-10,2.5076297154797767e-08,1.701985049279498e-08,9.825714693918479e-09,9.46170551065458e-09,1.5749970287604827e-09,1.0285012227242e-08,8.016307168988988e-08,8.956005551609595e-10,1.7080785921221272e-09,1.5499115019672045e-08,3.394835991419847e-08,7.546087013839602e-10,2.909976447002395e-09,3.505605465924287e-09,7.577033876849484e-11,5.581634514577897e-09,3.2918944333121495e-08,6.652289208849321e-10,5.916448823516274e-08,5.47434414451785e-09,1.2142068099140892e-09,5.143943092992586e-10,7.983105310868574e-08,1.1249090954277821e-08,2.1652111859171895e-08,5.058461915415063e-09,1.451083302447018e-08,1.8317739701758066e-09,1.429414924164397e-08,4.677155010286121e-08,1.1418607259016797e-09,1.0749692667243964e-08,1.4773168553842779e-09,3.6126933738055306e-09,1.8674403257018134e-08,2.3481637149494206e-08,9.182671864813799e-10,2.011871528356462e-09,2.7035537370241805e-09,4.5521380499892773e-10,3.043121375376925e-09,2.401876858451656e-09,2.686364876378093e-09,1.4667599844726976e-09,1.7717897646687314e-09,2.2270747045745306e-09,2.247626394641623e-09,1.2359234695328958e-08,4.820929562124024e-09,5.494428544720541e-09,6.042188768702905e-09,2.7751093542326813e-09,5.747753310447037e-09,8.418754383574804e-09,7.628491387072998e-09,2.400924154405815e-09,1.9928672496265825e-09,1.1523941324504927e-08,8.696603829239641e-09,3.841482094171214e-10,5.439372941760036e-09,2.795082950136776e-09,1.1966637223268574e-10,1.5925902586861738e-09,2.0165980240299376e-08,3.803092931719913e-09,5.151781087415752e-09,1.9923199674499433e-09,3.401057816287667e-08,3.2058499900898204e-09,1.000182357477765e-09,4.3711925056862315e-09,3.40907047128882e-09,6.845443303525864e-09,3.5141745290446587e-09,1.30102056395163e-08,3.1296757694933588e-09,1.0234602508516553e-08,1.1734387685358469e-08,5.827053342083516e-09,1.5073230831703907e-08,3.3496690170371427e-09,2.0430482871782657e-08,1.8742978300910814e-09,1.5218364623675545e-08,8.249624568108345e-09,3.9982768995470965e-09,5.142984292967083e-09,1.2442533266069962e-09,1.114623229797266e-08,1.6786179113421748e-08,5.586917490138254e-09,3.566030572750066e-09,6.700942088692689e-08,2.282038612329991e-08,1.5044737888839048e-08,6.466712962698886e-09,6.589429437237492e-09,9.151309103386348e-09,9.104232995962865e-09,5.138417728106224e-08,8.975979831265864e-10,6.187950043964895e-10,3.625615756442666e-09,1.6232580483104843e-09,9.239423204902362e-09,3.913399094157596e-08,8.495665736977726e-09,4.538529201551757e-09,3.404392038599022e-09,2.596176440243297e-09,3.449360779766694e-09,4.090457484380003e-08,2.2101481248846617e-09,6.828959580006726e-09,1.74032708933559e-08,8.29838477861132e-10,2.5420799752576928e-09,6.403282559641619e-09,3.879404290342295e-09,1.9875831465223652e-09,3.4469405081128065e-09,4.593709906421213e-09,6.479772505660185e-10,6.714269751579982e-09,2.0466677248425714e-08,4.092843488841332e-09,4.226632113989397e-09,2.020170602753478e-08,2.5274599132663283e-09,1.2790142697579451e-08,1.5325141710107343e-09,2.5786470454114334e-09,2.2520893070058426e-09,3.3331496320261955e-09,3.894231305588057e-09,2.2517382476661645e-08,1.4561056088890515e-10,1.43278252602814e-09,5.243460374845031e-09,7.847834459604202e-08,5.67576462555147e-09,6.206673597540507e-10,1.6519378519385812e-08,2.4585355941863177e-09,8.238806049815681e-09,2.8752843656055594e-09,1.1799384051538435e-08,5.80825327785964e-10,1.7410765519367277e-09,1.1888299192988519e-08,9.709199424355381e-10,2.280027416798757e-09,4.801694910527735e-09,1.82457084590402e-08,3.98390470089297e-09,6.597679427974434e-09,2.3540549977672734e-09,1.503234651260472e-08,1.6036122757365953e-09,1.4045509022841067e-08,5.3359568901563796e-09,6.906528618662022e-10,2.285670442590647e-09,3.928608799596028e-09,2.018328600063571e-09,1.3200619650857845e-09,1.1122483561220163e-09,1.544439560637527e-09,2.104630380245149e-09,1.5270053984420997e-09,1.347700914410966e-09,8.397997326604874e-10,9.673117881694495e-10,1.2233565561874205e-09,6.194184944173541e-10,1.4183391013013452e-09,1.2111721271587527e-09,1.6014604328107703e-09,1.4679242573346948e-09,1.266202400052431e-09,1.8230740919283725e-09,5.089602875018331e-10,1.520448843493456e-09,1.2230579216090945e-09,1.5837208826469029e-09,1.1739799301754808e-09,8.674102798994892e-10,1.7959057473338746e-09,9.954928217733305e-10,6.573583922694919e-10,1.3468785940298655e-09
30,ur,O-V-v.stative,6,0.0002973394964405502,0.0014178782002681016,0.07451605133397271,0.0019328120865103092,1.5312784201009693e-05,0.002164514738241042,0.4638384320695325,4.3095434012169065e-05,0.3676661939992516,0.0008236407360688265,0.0018551403565532502,0.005720166736836138,0.00017753868635794485,0.0002034124924278511,0.0002890986219100498,8.955310909744209e-05,0.0006729954610767044,2.132272175655289e-05,3.144569289231471e-05,0.00023610668343211242,0.00027949514529583867,0.00044506725328038977,0.0004690386237707371,0.00040125121657481064,1.8093657658738197e-06,0.01585183179231171,4.321806126674087e-06,7.174305993884685e-05,0.011672367229100216,6.0872680849293525e-05,5.0772632636590535e-05,0.00011479212255265533,5.5635342925369516e-05,0.00012674959393831162,1.754655232319358e-05,1.1698515740615778e-05,1.1355211683840462e-05,8.385593690428589e-06,0.0001445627519686984,2.371488967580165e-07,1.1202083651934067e-06,5.1039840050759955e-05,0.0014125659410425986,0.0017142589102443235,3.1730066720638444e-05,7.856143414523088e-05,0.0006423139535353105,0.0001473105625544759,2.319516935720566e-06,2.7132711059484727e-05,0.000850045273237787,0.0005498531172224868,3.7440943080626368e-06,2.5880819774049715e-06,8.159628641575721e-05,1.4093028404318979e-05,0.0008026972337740352,4.604737299210585e-05,0.00031379443221059235,0.0006338048038783395,1.9624901886453047e-06,2.7849139322897353e-05,9.744659684457026e-05,2.6408910600038632e-05,6.51540028365721e-07,1.6939420887148717e-06,0.00018317436922586048,0.0012622035449943512,0.0001937365656978032,0.0006429218989157793,1.2364393631871309e-05,0.0007521107633853193,1.84600366457128e-05,3.3122173116211435e-05,0.00021856966490696776,2.6810147808322942e-06,2.88659737350319e-06,0.008001998429234311,5.844843937187307e-08,0.00016701645576440308,3.19116611238409e-05,1.89249288622441e-05,4.069401925411242e-07,4.00593168113948e-06,9.17050848537311e-06,2.594804161773894e-06,5.268895345078758e-05,8.901633428069888e-05,0.0013277120308212407,0.00011798507877209941,3.128870406746545e-05,9.355693189355921e-07,3.859291828382507e-06,3.067145652952649e-06,4.660453928235475e-06,9.466232728868699e-06,0.00011965304357208224,1.282875840258426e-06,3.552189368260491e-05,0.0002627457481451837,4.9293190540067594e-05,7.282021681475452e-08,0.00015322550182447265,3.798647489074603e-06,9.59302892462063e-06,7.182411439572535e-05,1.2692074341265992e-06,3.924628418664687e-07,0.0005554694080132169,7.603753581761161e-05,1.0462861415180778e-06,1.2026519931639082e-06,0.0017829280557709794,2.81095653744167e-05,3.0712567477589625e-05,4.380764289338775e-06,1.6701756004233542e-06,8.362366012558395e-07,0.0004252048721274671,1.7788152800085366e-06,2.0684357648694335e-05,1.1059719457099079e-05,0.0003191350341396899,1.8742158480037698e-05,9.798069364553492e-06,1.1082356153709763e-05,2.8338678386907256e-05,2.1030616571828828e-05,4.898908371669456e-07,8.005741689727729e-06,0.00024280735969006467,2.440346888543525e-06,1.1437675670238158e-06,0.00012952195477526176,3.0185804795857756e-06,3.971254259095358e-07,3.7845308708612723e-06,0.00019970960126923322,2.9027633013886527e-06,4.248445020396441e-06,5.817045811716815e-06,2.2942358616995313e-05,1.8789242595863738e-07,6.848323337623255e-07,6.994485257088676e-07,0.00042748178573921144,2.563556539867713e-06,6.445173801403661e-06,1.3551523430089646e-06,1.1291628194026875e-05,1.8103047062523288e-06,6.578313333804208e-06,5.397466168327896e-05,1.2453426394329735e-06,5.944805125997298e-05,8.876193015133053e-07,2.766710295489865e-06,4.203821348035318e-06,4.873229036075223e-05,5.713089568296983e-07,7.539541995484889e-06,2.169893392429813e-06,0.00019306372651267428,9.846929964647966e-06,0.0008646180958184175,1.0468895287971419e-05,9.5591292659599e-06,6.896771576391332e-07,7.230795436181086e-05,4.01339595794483e-06,7.780797842484135e-07,1.351802177589151e-05,1.1151905849210662e-05,0.00021852964726985633,8.055026725915166e-07,4.205489454709541e-06,1.7083223014836415e-06,1.18350084807998e-06,2.412799417893128e-06,7.82508933450685e-07,1.9043759255922951e-06,3.2074711984133697e-05,4.413102429078273e-06,1.315022878824031e-06,1.2316941172861995e-05,0.00770649238371316,5.423921292864214e-07,7.279577565413875e-08,2.262744989085724e-06,1.5259704419797526e-07,6.101815645012144e-07,1.9627362536271655e-07,4.604737299210585e-05,6.889175942635737e-06,1.028274735887494e-06,3.6801025611177833e-07,0.0014206068456356516,1.6071728191008135e-06,3.905392718179785e-07,0.0001399825312505711,0.003868923203160386,7.429199698526255e-05,1.7736597971454444e-05,4.920167571707104e-06,3.471703638823909e-05,1.5358649041973216e-05,0.000146382914428822,2.3995086228991515e-06,2.4483204812161276e-05,3.225532562883338e-05,1.0310713925763485e-06,0.0007210718816329859,9.728020435474611e-05,5.146718477930823e-07,4.843887443815196e-06,9.392852564067835e-06,3.7896160517469073e-06,4.3431071959926913e-07,9.667087846517958e-06,2.454021774509708e-07,1.1336551759303852e-06,5.843021871675975e-06,7.670928713703574e-07,2.703939481191989e-06,3.791917220178262e-05,3.1311732505903954e-06,2.523572885568578e-05,7.810774277826194e-07,8.596015448556449e-07,1.4596455954821958e-06,3.933848559702207e-06,1.741324969460826e-06,6.165249009982698e-06,3.063113286463323e-05,6.405390108806576e-07,2.464520768939727e-06,7.248936701477617e-06,1.2236017408062421e-05,3.7735747622763092e-06,8.403526398547746e-06,5.158984170481734e-07,2.5998684961926216e-05,5.857463878877226e-05,8.927264806045956e-07,2.06232182453771e-05,0.0002079695472394188,1.8374665635464895e-06,7.90890305226565e-08,1.4835870509361122e-07,6.87594348632324e-06,1.1061443732917398e-06,7.070889434014827e-07,2.025706703447615e-05,1.1475435279344942e-06,3.5122214433480024e-07,3.747625676243598e-05,6.191247781616971e-05,1.2481159593381077e-05,6.193367440250087e-07,1.9881766559164571e-07,7.33687164586707e-07,2.148412737718976e-06,4.1175948349427076e-05,2.0414211103907496e-07,4.6078603627340467e-07,7.868672361942205e-07,8.829214017016802e-08,5.279875594136122e-07,0.0011170906716918751,7.270450867849513e-07,1.8222216735654814e-06,2.0347525113184144e-05,2.7146880874541534e-06,3.206024468052e-07,1.4993761658712744e-06,3.8945620994019917e-07,3.5099828936932804e-08,4.408809437375204e-07,7.950499931182501e-07,7.90212171939738e-07,2.8585451427492962e-06,1.0194323059125617e-06,7.688271553314171e-07,6.390377176990003e-08,3.397704394563188e-05,2.636068583011337e-06,0.0001424823073930186,1.328693617350073e-05,6.533519346816545e-07,5.845716532344498e-07,1.5190010674553094e-07,3.028638252932554e-06,1.025235332640552e-06,7.169100699349437e-07,3.378483911149778e-06,1.510490429871913e-06,2.068190122866372e-06,2.4854343614808742e-05,3.140753811478099e-07,5.4073582777889107e-05,3.3717999958779947e-07,3.727916718845425e-07,2.141147406896988e-06,3.925573719356839e-06,8.758604327647416e-07,3.854348395078185e-06,7.423356367143982e-07,1.4707297657973703e-05,3.432850827852777e-07,6.606500886459802e-07,3.1948795140106808e-06,4.934167816864893e-07,1.6659504674340563e-06,3.874054781308096e-07,1.8657190796722336e-06,0.00029675932199760166,9.554494447729087e-07,3.441125657588719e-06,1.0268949224814087e-06,7.658714624961663e-05,8.654714452476777e-07,7.136334567711607e-06,1.7157413731526938e-06,2.419796683631559e-05,1.1883505129888635e-06,4.9933803088659765e-06,5.511353573220355e-07,2.487111831485522e-06,3.2410454383855014e-07,1.9331788090668068e-05,2.9235664533794936e-06,5.97722546242994e-07,3.771169636455681e-07,0.0013191498244609736,7.217591428959147e-06,1.3729268997880245e-06,2.2175652503233656e-07,3.4066446835621386e-06,2.5421407464618837e-07,2.7214158870589655e-07,1.7190432433337018e-06,3.246985406371362e-07,9.269581464365121e-07,3.703185589238082e-06,1.42231274388053e-06,1.3941643812422017e-06,2.2542747824050697e-07,3.3039499665932263e-06,1.6239905494895084e-07,3.4300234109526914e-07,2.8603776832649797e-06,5.718671482428922e-07,9.964859848988573e-07,3.522837107717499e-06,4.23937904964823e-06,9.090014119651655e-07,4.804448137750379e-07,4.0404453793172444e-07,4.149143450152761e-06,1.5209856375109436e-05,2.5738341552514554e-07,9.438252173197846e-06,8.565610699719292e-06,5.482332831486306e-07,3.0016878661954934e-07,4.140163034348576e-06,1.559199685241303e-06,8.596015448556449e-07,9.87793062027918e-06,1.3582575928922451e-06,6.459154009474369e-06,4.146105639342702e-06,6.048401397020412e-06,1.991935440740752e-06,2.2709154980678711e-07,4.063197245850901e-07,1.6423260913397318e-06,5.445630459113744e-06,6.8518545100473304e-06,6.754278022951891e-06,1.5267056324152253e-05,2.7392288564391333e-05,0.00016797743413579172,1.9799355009573136e-06,1.5916513028744132e-06,6.023921584453926e-07,2.206891086000868e-06,1.280876495367977e-05,4.6273069448384676e-07,1.1462485099842737e-06,8.624130591211431e-07,1.692753520663454e-06,1.1589779070303568e-05,1.9008858155186033e-05,2.5334666212215056e-07,6.722426438924808e-07,1.7486205297166186e-06,7.053217068767745e-07,4.458858904033929e-06,1.0762751702013763e-06,5.792952831539145e-06,2.965359398754069e-07,7.909359640656978e-07,6.40382648374201e-07,1.5440472328198885e-06,4.1560004041817787e-07,4.301673832412871e-06,2.235018647958124e-06,9.941167993541534e-07,2.351662146141797e-06,1.22846982109826e-06,1.2469439884080641e-07,2.2130885814091562e-05,5.615597778585804e-07,1.5762315845499252e-06,8.148262932260455e-08,8.900605717772659e-07,7.935228925785354e-07,1.207432733574277e-06,6.298006168587699e-07,1.1163556856398814e-07,6.1485265162675545e-06,3.5022558396068317e-06,0.0012133678134218506,1.559014518778626e-07,1.1969400843340455e-06,2.90302906947185e-06,4.29617794703349e-07,2.196081756128119e-07,7.786498756511143e-07,1.0715522801534628e-05,5.016902964913394e-06,1.1695698670852897e-06,1.6626490926101716e-06,3.5204843537666694e-07,4.7402218206065e-07,3.498517023888341e-06,7.931839354365935e-07,2.0505235334254563e-05,4.821470272511286e-06,1.14314322836123e-07,6.436742910330434e-07,7.583873748704831e-07,2.385425199682711e-07,1.5704218824492443e-06,2.510914226493766e-07,6.880164255170612e-07,1.6682398738943165e-06,2.5047068225386955e-06,7.919745557188855e-07,1.582550892015852e-07,8.640463668065946e-07,4.1141050865659706e-07,6.0887946733665e-07,1.6516244805787273e-06,3.3655178592688172e-06,5.975583993856479e-07,8.411508081221008e-07,6.380417859372576e-07,2.7745829180891794e-07,9.363405219819367e-07,0.00011875813277606025,1.2408702352809693e-07,1.930361840299243e-07,9.320640906693888e-07,2.007000432445381e-05,8.159931608887206e-07,1.700571990595671e-06,1.362700070481416e-06,3.719961529649716e-07,9.480430097396229e-07,2.269037590857798e-06,1.0547175533448996e-06,2.2400791012512923e-07,5.51421359882034e-07,1.7457412649734342e-06,9.791525648309147e-07,6.10405060584853e-07,2.8227521540373255e-07,1.659101081993163e-06,4.033300037643575e-07,2.4640695430213135e-06,1.540470218336224e-06,1.637821496958578e-06,7.591515163984883e-07,3.189045410066163e-07,2.286903662944267e-06,2.0068299631318427e-07,3.237881899897521e-07,5.794171317069175e-05,2.0690739378072953e-06,2.705269029821597e-07,1.143977016295385e-06,5.294541210220268e-06,4.85541537602973e-05,1.5895640189509418e-06,5.878992748023265e-07,2.812338707212199e-06,4.037350592717047e-06,5.156780485438613e-07,2.8657169160700075e-07,5.809259283663735e-07,5.946114523243803e-07,2.9909793931209973e-06,1.272072719801377e-05,1.929236497496497e-06,4.387602309030623e-07,6.688457293134583e-07,2.0606861098058247e-05,2.754242345023735e-06,4.23705092868001e-06,7.155985694718377e-07,9.475255095745196e-08,2.4678322847746105e-06,1.1004877359882335e-06,2.827580317816196e-07,3.1747606308737977e-06,1.4597346878980427e-06,2.9301858932218934e-07,7.39622094097338e-07,4.0083907053705674e-07,5.914623989005327e-07,5.549835337394008e-07,1.3782583219956094e-06,2.161968685225703e-07,6.160379455503895e-07,6.470223430296661e-07,3.1052999078351403e-07,5.566118461194563e-07,5.987997373388704e-07,3.1016062232871263e-07,1.182453901619059e-06,3.5616448405687135e-06,2.916803220560417e-07,2.605595992305327e-06,4.6758551098313996e-07,5.913360623954426e-07,1.2934858046001811e-05,1.126378785577399e-06,3.7247326037280087e-07,6.644918896479857e-07,2.2085153544718425e-07,6.094371683943737e-07,3.351396192913574e-08,2.88659737350319e-06,2.337431512317898e-07,4.196400956275747e-07,2.947305659781474e-06,6.996833653490211e-07,6.817253887273148e-07,0.00014501344698278855,1.6079577630750072e-06,1.076965142812241e-06,9.526543728205466e-07,1.4169406278228277e-06,2.2934034229701846e-06,2.679378918548062e-06,1.005405486263276e-06,9.64328481128728e-08,2.828002456186084e-06,7.012866475923735e-07,8.309706291333632e-07,1.3019652005965578e-06,7.509256221400316e-07,2.241515158933219e-07,5.212792342735943e-07,3.261982544147281e-07,4.3494738313488835e-07,2.676273529598144e-06,2.580046868930929e-07,2.8781624359611153e-07,2.746194162631115e-07,2.2147923219061162e-07,1.7445221187939795e-07,2.086454588609544e-07,3.35875709304137e-07,2.9631882998404083e-07,1.9223666875946895e-07,1.9476998607423332e-07,1.7799071982498694e-07,2.180455149623507e-07,2.4860576682425596e-07,3.429290757159445e-07,3.554164679430037e-07,1.3502855788160745e-07,1.878809582650306e-07,1.6782538100456745e-07,3.510078407571355e-07,2.0578089361740903e-07,1.6444379095011407e-07,1.9727647455141853e-07,2.9053430170896566e-07,2.3342949776701623e-07,2.633665001148464e-07,2.420994520494617e-07,1.7780613285132857e-07
31,plus,O-P-p.Approximator,97,5.731756524758605e-06,1.0432287846674644e-07,0.041517484592168,0.01692421216666438,0.00014288726577451922,0.000288666638077287,0.0011422563071352822,0.07596256328310616,1.3480532962076949e-05,1.605157842253354e-05,6.871096210344026e-05,0.0005481274716606756,0.00011071164351589357,0.0002985214700740802,1.2630596072611892e-05,0.0003617377470113571,1.3620303492850014e-05,3.903579570736312e-05,0.0004536515560243852,1.7320443535459334e-05,1.7021296236721138e-06,1.0513398071228965e-05,4.140907500865552e-05,2.9409265045064517e-06,2.0511629608129424e-07,0.09645448093952395,2.563861017273563e-05,1.965960411385171e-05,1.9067602114998135e-06,0.001071185545083507,3.4461700627318654e-06,0.0005639585595413343,2.9200792832356077e-05,1.2646023695066067e-05,6.385677328222728e-07,0.0005590236110671136,0.0025700326653011435,1.0427797171306758e-06,4.949232340329957e-06,5.2083571731398984e-08,2.308790006630987e-07,1.2707577056258356e-06,1.4141280349843455e-05,1.8515328135086792e-05,1.5861235628642704e-06,1.7960464246961028e-05,8.859143975121293e-07,9.178597723927452e-05,1.7517241539993507e-07,0.000980548271877066,7.65103086189279e-06,2.3275929028263895e-05,0.000496054040975981,2.1773227095901583e-06,5.345718597230972e-08,3.2802290685792686e-05,0.000631179717697035,0.01983174799326348,5.154088808773993e-06,0.005335851050857541,2.01129907974822e-06,9.35658069958541e-08,0.0002592649847577552,1.1401394307769183e-05,1.9793444517082357e-08,2.6364708458453995e-06,3.3716859518549724e-06,0.00025284981963919644,3.0615448011916263e-07,3.571888438326844e-07,4.013273480689001e-06,5.2219927308481144e-05,1.7185187130099615e-06,1.0488402044076008e-05,0.0032466452171639993,5.066462134096864e-07,3.6078217464002453e-07,9.389095851382555e-05,3.9630347772498164e-08,1.5401462650791024e-07,7.79289151532538e-06,2.3829434939779607e-06,1.1779119487740581e-05,4.924523895466773e-06,6.093441827568015e-07,9.246978253280677e-07,0.0002897610739705683,6.185015837877273e-05,0.000583389631378286,7.874625907816144e-05,6.900139962930689e-07,1.3911089936426293e-07,4.9589082558049795e-06,2.5963798046203165e-05,4.139657674198535e-06,1.6204261283039406e-07,3.196732550903853e-06,0.7012513366746601,1.761582340532728e-06,5.453797765444277e-07,0.00013098074830348327,8.545245615454313e-06,5.377097559723853e-06,3.998629750456489e-08,7.7924158894892e-06,3.384779060718596e-06,1.49585698791236e-06,1.7098405051419986e-07,9.69370783879201e-07,1.925994687017002e-05,1.2959750621739602e-05,8.346785751056805e-06,2.2153860686618695e-05,2.853499370565963e-07,1.999548583104378e-06,5.04205824663031e-05,4.520790317189264e-06,8.451676516284823e-08,2.0919238738687105e-05,4.1100893669371117e-07,7.389251520453109e-08,3.6104532261362037e-06,0.0057261050486921,7.950014685985595e-07,1.363781743507609e-06,1.0480437727168098e-06,1.2349309586369976e-05,4.890212544644163e-05,2.0446008448519845e-07,1.4757652748806227e-05,0.003696261595850118,5.156903763920367e-05,4.0174530861714295e-07,1.3531642363677798e-05,2.8820986499881107e-05,3.6806641430490793e-07,1.7163231067792292e-07,1.0607861814453435e-06,3.4076030051857173e-08,8.762079805106191e-07,1.7920127605295635e-08,1.0764429678798829e-07,5.9863529466278e-07,4.644977075145506e-06,3.250444668190736e-06,5.730551164750263e-07,3.715990303309839e-07,6.018245274479108e-08,2.6204367760282835e-07,1.4705599672837644e-07,6.491209067489418e-08,3.0404819564011128e-05,0.012261314295000155,1.1796026709440188e-05,2.1264307802015205e-06,6.734746845594086e-07,1.1743944034449142e-05,2.4358243373417545e-08,5.968840468799069e-07,1.1228817650795979e-07,6.663376117243599e-06,2.234950441642675e-06,1.8567385132455472e-05,1.81795075652917e-07,2.5114340678602262e-05,6.003367155933597e-07,2.3544627267139333e-06,0.000184751924385368,2.8559292641446778e-06,0.0007877003379149996,2.040424566055948e-07,3.411118007439759e-06,8.709028963440719e-07,1.7640570015297564e-06,5.127748612432673e-07,2.6462330942149856e-07,9.814561353944193e-07,9.077786471145661e-06,0.0006776324558171938,1.4233982964403008e-06,2.9079945425411683e-06,5.526999483764535e-06,4.976949726147805e-06,1.3564808647282093e-07,5.2509345263248355e-06,6.2659697238179e-06,1.11149083453408e-06,4.234364399961374e-08,5.588396769546424e-06,7.686654747885746e-08,1.9966283017073577e-07,1.1235330388845218e-07,1.4368795811652163e-05,1.6901209742094198e-06,1.2297451400249516e-06,1.0235438045218907e-05,1.4904295708437356e-05,4.832091945216569e-07,4.402490299548111e-07,0.00036175982640507026,8.902477864774542e-06,3.114495555229245e-06,1.038080516827173e-06,1.3681960111262454e-05,2.090852691878748e-07,2.971509664677417e-06,8.291973790665322e-07,8.301341964153127e-07,6.790031809547681e-06,4.438765426216038e-06,1.330117970657294e-06,8.284132920460861e-07,1.6625421194782855e-05,2.634951284395746e-07,8.829934820033628e-05,1.676462198578101e-07,1.450414406327916e-07,7.418147709616045e-07,6.384897874170815e-07,1.7099448687092835e-07,6.977809450993342e-05,2.1294829639124635e-06,2.2246677839288202e-05,4.6752689056480015e-06,3.834182510557564e-07,1.0189657536304691e-06,1.8739360821849094e-06,2.3837514469610105e-07,6.279773620933486e-07,2.4984632956499568e-08,9.137295548079975e-07,3.4088285967394414e-06,2.8098508610385327e-06,1.268699809032357e-05,1.0627662641498862e-07,1.4248324945628466e-06,7.710332706315327e-06,7.357724253614307e-07,1.0531380665870778e-05,1.8796124682080393e-07,2.2092568628631747e-07,3.699583192678063e-07,6.070982512494647e-07,8.56665637031553e-06,2.4197228384240138e-05,2.2779258834407777e-07,3.8874246166008926e-06,1.0655301747934675e-08,6.795051726216262e-08,1.078913138791721e-08,1.7656786206042466e-07,1.5064903329543702e-07,3.4922119368684244e-05,0.00044222407485673904,1.4029137578953907e-06,4.480000270437472e-06,4.5781449949516065e-07,4.495064604683495e-06,6.56973000248478e-08,8.681224285667899e-09,7.13263320591487e-06,1.4617901475063784e-07,6.5147822710961455e-06,4.726370399774689e-08,2.941106009893188e-06,2.4601705104270335e-07,1.6878586275123605e-07,5.177296655540565e-08,5.53613350909624e-07,8.661319995082223e-07,8.02531083592273e-06,3.378266542971123e-05,4.270948293340407e-07,1.740799395203898e-07,3.581263374591169e-06,5.978847616494774e-06,6.866133607295942e-08,2.0900940485382205e-08,8.884052009763557e-07,6.123287962201948e-08,8.765527683788026e-06,9.628255880497915e-07,1.1200679265325566e-05,1.6651935352809174e-07,8.01872741608653e-07,1.1186027727641422e-06,2.9915369976080113e-07,6.390356051174973e-07,6.379076089098318e-08,2.193737340024633e-07,3.423446475327695e-08,4.574234676726294e-07,8.23850015400204e-07,1.150387480036919e-07,3.073631307843934e-08,5.048558368944797e-07,7.015006959524592e-07,3.131852566337086e-07,1.9658534200724963e-07,2.2092568628631747e-07,2.5574784903948737e-08,8.43776005253492e-08,8.205907551041589e-08,8.069270229947048e-06,5.21693011082624e-07,1.8115758129497404e-06,2.1551836156324263e-07,2.7405011824435455e-07,1.0647465229776516e-07,3.696648896653991e-07,3.216990673039443e-06,1.2119775517316883e-07,8.577933752130263e-07,9.206180756933803e-08,1.1489139289206581e-07,2.9613802650561757e-07,1.2817452221597157e-07,4.5583334770460255e-06,3.535461455579968e-08,6.506260325624101e-07,1.1747567384709198e-06,2.4912138445114108e-06,9.545168441200265e-07,6.688026964674228e-06,3.875473762348815e-07,1.5760820724898844e-05,6.765027355228787e-07,0.00012252044229604716,9.398393648027692e-09,2.2693763426250894e-05,3.8450798940451186e-07,2.025355906108134e-08,7.506989745109067e-08,2.7433371266105937e-06,6.342969306717361e-08,9.360517226447871e-06,2.5421407464618837e-07,4.6336659492747983e-07,3.4143578927218635e-07,2.8395135728366736e-07,6.753498228869084e-08,2.811137403129753e-06,1.019059047002015e-06,8.407374108252316e-06,3.834416537628054e-07,2.3182508007616414e-07,8.113497237923617e-07,8.336630579810784e-07,2.1458059511444517e-08,3.1154564682110235e-07,3.040223705897747e-07,1.2605223303566834e-06,6.598441230406869e-07,1.7849600892376794e-06,4.9791094834006595e-08,3.5315560645655657e-06,3.465915760715418e-08,6.626490894849673e-07,1.8942966412787947e-07,9.906977805486417e-08,7.637317787545623e-08,3.389039224457755e-08,2.0619578698483258e-07,1.795345893562074e-07,4.713360100935607e-05,1.1477148483214716e-05,4.764877938385331e-07,5.894461984921615e-08,2.432555772085571e-08,1.967473900902235e-07,4.921835787540468e-07,8.714346155389552e-07,2.8396096166426204e-08,4.17303056461991e-07,8.862959118336689e-08,4.027014193317217e-06,1.4187193329969432e-07,2.4984467764415485e-06,3.832193857064425e-07,3.6870722373451453e-07,1.2114928159805614e-06,0.0003104321602356573,8.992890079887612e-07,2.7735578524276047e-06,5.739652276410579e-07,1.6311927101716e-07,2.007565020798908e-07,3.773484552997879e-08,1.3937815151394537e-06,1.4681385548648994e-07,4.0784777764280285e-07,1.181584257409028e-05,9.620325709698185e-07,3.026328466545769e-06,5.7384452559647716e-08,5.757389791200173e-08,7.632399602422725e-07,1.0248320611918959e-07,8.874026240332356e-07,1.6179554397207982e-07,7.034300735428932e-07,4.149170883422909e-08,2.9413850123804397e-07,1.8905427582176017e-07,1.6911584478260112e-07,1.483129462113611e-06,6.711949626960389e-06,2.43708031129419e-07,2.631728053317962e-06,3.5337355774323697e-08,1.0858793119683689e-07,3.1653870489230433e-07,5.293589339488324e-07,1.1329672042919194e-07,2.6596639146860292e-06,7.433330948193407e-07,7.881916814117805e-08,8.896018700721716e-08,1.9165675207621667e-07,1.0050713576058097e-07,4.062466750349426e-08,1.4605415927616775e-07,6.041246902502149e-08,4.0535234303233505e-06,9.77540299956858e-07,1.13622195946644e-07,9.747433173954596e-08,1.9244798232828947e-07,2.8257781310673696e-08,6.209853389689941e-08,8.316556099975707e-07,7.807676135542401e-07,3.1826286262492063e-07,6.141253586385999e-08,8.463291100988663e-08,7.939883871896929e-09,3.7035368849705975e-07,1.2810022381451046e-07,3.372623289732012e-07,9.900026495058421e-08,2.9744326131692497e-08,6.058027337223003e-07,1.1843357592872543e-07,3.019061074825991e-08,5.192786524227372e-07,1.6099762547018123e-07,3.887912037670972e-07,4.960454622720113e-08,4.422569150587259e-08,2.1717555213497716e-07,3.7585188700692985e-06,4.536560552058705e-07,3.2890827366942886e-08,3.3468990471268555e-08,4.658620760818006e-07,1.6381268339387432e-07,0.0008632997993402234,2.0458491510864067e-07,2.2263730784999713e-06,2.514748502123581e-07,2.4171556570236377e-07,2.1564923077089706e-06,1.9949295221366205e-08,6.810830024396007e-08,3.704667287209777e-07,1.3017311288386379e-07,1.4265822862584273e-08,7.50744794938427e-08,2.905254354410045e-07,2.010998851396924e-07,8.98249705298217e-08,1.0545279326148622e-07,2.5749340507865514e-07,7.593162161892508e-08,3.0880162315621716e-08,7.3357764646978e-08,2.0991641768411573e-07,1.5062095322255241e-06,3.719406247778324e-08,2.7582047796895267e-07,1.6867772775431734e-07,6.772257044391093e-07,2.419664993683944e-07,1.8417955066121862e-07,3.108428768751229e-07,6.994271805595426e-07,3.9149519591838204e-08,1.7525796969147046e-07,7.451046110277884e-07,2.3582817868180506e-07,2.4783311172286355e-07,2.943010936524045e-08,1.59642389337329e-07,3.6048502172864533e-07,3.5768943823621165e-06,2.4789280573387765e-06,3.407083085898771e-08,9.868020383090082e-07,2.733735238164323e-07,4.346554632450305e-07,3.0573534020690365e-08,5.1450080574498495e-08,1.7848084794441852e-08,8.769302511645671e-07,2.1343044668951441e-07,3.0135281045081355e-07,1.5657851617877737e-07,1.4930749323324986e-06,5.355206706151726e-09,6.05876688765085e-07,5.682659707102604e-07,7.487770397540925e-08,2.0581297607846175e-08,1.4176806123602635e-07,8.503650597057783e-07,5.6932670626645925e-08,6.666042230145489e-07,1.6718129547559222e-07,8.088554446094036e-08,1.7130207982702287e-06,2.097499240880217e-07,2.1183991901106197e-06,6.735569008425952e-07,2.5272118185955236e-07,7.16341458213496e-07,3.787894222500665e-07,3.469184755465076e-07,1.6980365348907353e-07,1.1676440625863941e-06,1.2878575714382755e-06,3.360705179277898e-07,3.631017410157507e-07,6.987018329308525e-07,2.8502885817404926e-08,2.8480278972208386e-08,1.6589040515027873e-07,3.588386234382436e-07,3.3292645131544274e-07,3.7247326037280087e-07,1.31046019026286e-07,1.927065699404952e-07,7.466093516486427e-08,4.40680627480498e-08,8.308212343908217e-08,2.3030822878776462e-06,1.1740079954506677e-07,8.032224439076737e-08,3.08180273189903e-08,5.438323118332308e-06,7.524421183073494e-08,4.051818737784994e-08,1.6083994625203254e-06,2.5692824480201753e-07,2.6543210917616913e-07,6.339872909753375e-08,3.83172608851364e-07,2.0462170269838365e-06,7.726872447607387e-08,3.89303019189773e-08,6.190364537838836e-08,2.0798430378674742e-07,1.092223619466326e-06,7.643146821919198e-08,2.7160229212592714e-07,6.665047184262667e-08,1.3654937175987665e-07,2.8528028004801833e-07,1.678305027068942e-07,6.08396539258784e-07,4.870303862392751e-08,5.041031256779579e-08,7.617532302764823e-08,3.933514429000143e-08,5.172558868003662e-08,3.0478512906214856e-08,2.1703050976637325e-08,3.77014645965852e-08,5.86772000955737e-08,2.8597856141111486e-08,3.23769498472927e-08,2.2459048210537224e-08,6.707898578893428e-08,7.997492136348662e-08,1.3572262066174907e-07,6.228643218601369e-08,9.301633420000559e-08,3.175266091920253e-08,2.5480520911882264e-08,4.244326235876686e-08,4.173935913876274e-08,2.5434683566718167e-08,5.7045716780701356e-08,4.30629944263062e-08,4.5471096034172785e-08,3.283366344129255e-08,4.477979565648792e-08
32,sizes,O-N-n.QUANTITY,57,4.252971213714689e-05,8.635925069306073e-05,0.16855603027995894,0.003338377034806192,1.2224447059827102e-05,0.0002095942762070989,0.0013398825208853155,4.0774821758528613e-07,8.051313654372589e-06,0.009401362675202071,0.0008554843369603032,0.00030054161840036925,0.019272690943653647,4.0892936045492074e-05,0.0087970626556931,0.24654579556464407,0.00014325402381839351,0.008210280716647042,5.388596557245856e-06,8.622757741835281e-05,1.3699089977399762e-05,3.7167596348372334e-05,0.007478055574639253,9.881279798944635e-07,7.472198518548044e-06,0.0009266095565359261,0.0008268896090475533,0.004019607391518983,2.8539348132366115e-07,0.0034761333237794227,2.4815772527328535e-06,0.00014399915521038942,1.6682343588948065e-05,2.0725428742945754e-05,3.990327225126566e-07,0.2072009544663947,9.158202833870532e-06,3.10311079070795e-06,9.557442288747429e-08,1.7745919416570232e-07,3.9802326798627617e-07,1.6456373326822364e-06,2.076228291681414e-07,8.186120787858654e-07,8.825144073560942e-07,9.113563914964246e-05,8.629104078372575e-06,4.6135989172944934e-05,5.87988987956965e-07,0.00012466272322033165,1.0135383949177918e-06,5.602569891742946e-06,9.307220113162414e-05,1.868460246186387e-07,2.1485580761513778e-08,7.60612470709019e-07,0.0008313428593652738,0.302692499537329,1.5601516356881085e-06,1.6153299423891862e-05,1.642626837761844e-06,1.4847646806506538e-07,1.0403004663739407e-06,1.8551587552846861e-06,4.339941721227746e-08,9.951521177905242e-08,1.2596035983412554e-07,4.554857070908213e-06,1.4121489310340727e-06,3.4880926226696056e-08,6.145337495217939e-06,2.645578374079494e-06,1.3917367367048339e-05,6.921652134188263e-07,1.2283198705557426e-06,2.0462237915525205e-07,8.783497735801907e-07,9.951488279378308e-07,2.856723220257926e-07,2.1488788411525206e-07,7.525544527606825e-07,0.00020536479832354584,1.8747940984160967e-06,1.3555245978355368e-06,7.553615441167498e-07,1.7371906421877116e-07,4.313241705210651e-06,5.377097559723853e-06,1.7969843938365839e-06,3.1800833227262164e-05,7.157514541478514e-07,3.004630566730387e-08,2.580598085278312e-07,2.209391709316141e-07,1.2562637495453434e-07,1.8284606265004983e-06,6.578758351528687e-08,1.059165282992749e-05,1.5180278984169114e-07,4.875343783527903e-07,1.4029137578953907e-06,1.5754673363971074e-07,1.5211813737028295e-07,4.668725761794795e-07,1.4204475297352652e-06,1.3978662255368267e-05,1.2005944659148858e-05,2.4010548243857277e-07,0.0012242286143075314,1.3754011324249504e-06,2.162878274751882e-05,0.0007650980275208741,1.8905302584262773e-05,2.086447691042705e-06,3.07091231746455e-08,7.923587370200802e-06,1.2112710053285953e-06,1.1421979193382777e-06,1.7479269396820424e-06,1.4560863541475146e-06,1.4841708424878154e-06,8.51458518785789e-08,7.957027335873879e-06,3.787328800257521e-08,1.436708941117084e-06,2.990532927042929e-07,9.421817438787152e-05,1.4974605395664362e-07,7.896336151588027e-07,1.0541061695312392e-06,1.1227715433584155e-05,4.6586053599805036e-06,6.278282170629764e-09,8.762079805106191e-07,1.4853942655435487e-06,6.125136677527536e-07,3.019696101959982e-07,4.2092130013907426e-06,2.5520904040260395e-07,1.2882463955543697e-05,3.187304633003017e-08,8.401502781138168e-07,2.6430854593389197e-07,1.5143675039578914e-06,3.90205701598168e-07,6.927969094592716e-06,7.108102278482919e-07,3.295322761854237e-09,9.959083559404933e-07,5.46559144523957e-05,1.5534950322701324e-05,8.78531620710495e-05,0.00012116696779112965,8.485994104988011e-06,2.5360967044980306e-07,4.487829693928965e-08,1.4194028514030311e-05,1.675484871618015e-06,7.581997377776224e-06,4.885338638890414e-08,2.674975917545779e-07,3.301743398108917e-07,0.0003559991284139632,1.4527131140888284e-06,4.1057016615742644e-07,2.1181406122421447e-06,7.79555951866817e-08,0.0002639512598217466,1.5044179297908557e-06,1.2610953147344036e-05,4.938084420635469e-07,3.733723352860911e-07,0.000573224340636696,1.1432790011750039e-06,1.8028068049438279e-06,2.8669415440183165e-07,1.4585372207224564e-07,2.353026115173483e-06,1.175868636987832e-06,1.826347485973043e-07,1.3155446894004833e-06,1.1697444758538012e-05,7.844430353418178e-06,2.550213450818563e-06,5.369882181343161e-06,3.4381978647879997e-07,8.126161752656284e-08,5.505824194320743e-08,5.016307170683572e-07,2.2935509876808523e-07,7.383165472536783e-08,8.287447521538692e-08,1.3753546123826576e-05,1.3585522702214986e-07,1.4404453554802727e-07,1.8365756535807082e-07,5.54712611834243e-07,1.025767361525726e-06,1.0726646973088127e-05,2.8381086650593518e-05,1.445107766690411e-06,1.0964649998787651e-06,8.112232492793853e-06,2.6031321470862398e-06,6.595845764888718e-08,4.611251740928159e-08,4.0600984546115707e-07,3.137688166224809e-07,2.6285174546517193e-06,6.091210751070981e-07,6.278240660213422e-07,2.511603964400167e-07,3.940456938314188e-06,2.450953171809474e-07,3.7679485778442913e-07,2.8381274300412457e-07,4.584171790807477e-08,7.905792122814015e-09,4.628421495310801e-06,1.22177742050022e-06,0.00017720308480687866,2.6223567442726425e-07,1.6668204951274036e-07,2.7425837500300976e-06,1.0897634356719598e-07,1.4711883925219663e-07,1.2153480120029635e-07,1.8374165636499237e-07,3.2103323241377674e-07,2.3573463747499304e-07,2.953798558070012e-07,8.17538554812038e-07,2.4922866724983676e-07,2.441248804397051e-07,3.064639706344288e-08,2.3349361989886097e-07,6.410278898321303e-07,6.982328912380837e-07,1.1618894953659563e-07,1.8018836670586688e-08,2.5778431806893235e-07,2.3121039406258477e-07,3.983635211103286e-07,5.302805561977995e-07,1.008940177326951e-06,4.858576244653148e-08,1.6237923205548153e-07,6.319397423224793e-08,1.0252074346305394e-07,2.6737605301015284e-08,2.5267491146539534e-07,1.6750814052403437e-07,9.525930800184041e-06,5.418609166885578e-06,2.1780609454663852e-07,6.052668295621e-07,3.133955956570331e-07,8.245066901130453e-08,7.826761132493489e-07,6.670541277098441e-08,4.363300243445228e-07,3.319738670807072e-08,1.1914695102675598e-05,1.9854481846987248e-07,1.1522068772297802e-05,2.482342891904639e-07,2.703297293813287e-08,8.07006238473463e-08,1.9146383553686913e-07,3.452087373210401e-08,3.4436583208206016e-07,6.978045468663147e-06,4.153971602462653e-07,7.501239752449865e-07,2.4251435169601767e-08,2.4796090087748492e-06,2.574008273108243e-09,7.515700410421783e-08,1.0849849435055151e-07,1.7661636453264383e-07,7.260425271214204e-05,1.6760529560075527e-07,6.304372801450647e-08,1.5027610665058429e-05,6.126445287656781e-07,4.23745286854336e-07,1.0070363058712839e-07,1.4115503912025142e-07,8.419240406161703e-08,7.500553024875699e-07,1.8527947007266635e-08,5.874688421615473e-07,8.445230857961673e-08,4.235656822623246e-08,1.0500321141584891e-07,1.1922775987045422e-07,5.823142448867982e-09,1.2888405037007543e-06,6.601865382130805e-07,1.3828973898450497e-07,3.2735613752946316e-08,3.0557575600836966e-07,2.279942762440156e-07,1.1917643717189686e-06,1.6565263476141814e-07,1.7509758965536444e-07,3.381600780179754e-08,3.266675447346409e-08,1.8215665219705108e-08,4.955445180161623e-07,5.175857752989342e-07,3.479905738713625e-08,5.666900287916653e-07,2.3397944138271787e-08,6.66095838311225e-07,2.054608660675102e-07,2.846454448321181e-07,3.9027844715120325e-08,5.516251570015277e-08,2.1291650941506734e-07,7.365386922200582e-08,6.348370653760701e-07,1.8472617834723758e-08,2.0524711239227846e-06,5.044400198383582e-07,9.944505737819348e-07,7.518428391045313e-07,3.1236334329533595e-06,1.611500085254338e-07,1.4536887738656406e-06,3.4254094334511836e-06,1.0635160020703037e-08,4.584031895121362e-08,5.095941383890151e-08,1.3363111192406935e-08,4.529796799394242e-08,3.5604729616539086e-08,8.868099653420073e-08,3.3026503735662443e-07,1.501579091157716e-07,4.046258230486703e-08,3.360500064371844e-07,4.503882385512408e-08,2.113484617161324e-05,1.2751516763526358e-07,1.0450131706696158e-07,3.920451661749925e-08,1.1448501345204037e-06,3.888399519855882e-08,3.806099137482517e-08,1.447098467444506e-07,7.024027347849208e-08,2.281752516942131e-07,1.6316353981548398e-06,2.139398027607762e-08,7.279109204883417e-07,3.045340972905921e-08,6.7718660982096e-08,2.494797869030977e-07,5.6858009394060186e-08,9.379451821674005e-08,2.064294269663052e-08,3.443646936502165e-06,7.67610597890295e-08,4.76853040305409e-08,5.155189958540484e-06,4.0277649444553313e-07,2.045967259876794e-06,9.142376640354176e-09,3.9150584931059e-07,2.878865198119988e-07,1.312216685288417e-06,7.532922184743049e-08,2.0488481964589823e-07,2.9300964724094365e-07,3.532645652914029e-07,1.471233290313754e-07,1.1888544093572186e-05,5.529717153535104e-07,1.3392461505298e-07,9.640342363315944e-08,1.6091358979079544e-06,2.3227121743176498e-07,2.1361941832765472e-07,8.263932655133608e-07,6.838112878688471e-08,1.7208335331305327e-07,2.387974469893763e-07,2.188321285216504e-07,1.3445698752878033e-07,4.4509736173011614e-06,7.314515420745533e-07,1.4372399273375181e-07,7.441047757742802e-07,7.556868365466166e-08,9.413863371093492e-08,2.8318117350359713e-07,4.5429334868915114e-07,5.52720470145859e-08,9.183732143937578e-08,8.356016090735788e-08,4.952437911450372e-08,1.8835745624641963e-07,6.693153598033582e-07,6.983820658087342e-07,1.8816211834987815e-07,1.6810162099458935e-06,4.3145867299471154e-08,1.8722845536551356e-07,9.154630762386933e-08,2.0274517987517574e-07,4.058501434168215e-08,1.6770195262339586e-06,5.646702379807714e-07,7.782460177776608e-07,1.3472396684239247e-07,2.497472280610291e-08,8.451160682630231e-08,4.096342286261848e-09,5.682697279662042e-09,1.1330363572326183e-07,9.69847431232536e-08,1.4785699745899197e-07,7.898049281159483e-08,4.951228967745537e-08,2.857691811436604e-08,1.2922317953608165e-07,6.24840195285295e-06,2.7210926988502647e-08,8.920728675912621e-07,1.1063131704062574e-06,2.506397299917765e-07,1.5860319997493126e-07,9.831681162331214e-08,1.6581503209206957e-08,1.0590465014514406e-08,7.80817850571347e-08,6.38996602669762e-07,1.267701931238027e-07,7.971176604993903e-08,1.5014416237788933e-07,5.386476978383638e-07,1.4865782442223717e-07,3.442198725004613e-08,2.197087272703463e-07,1.464960912337173e-07,2.889074553473519e-07,2.897030118118597e-08,7.632657760972602e-08,4.706076622643723e-08,1.850132977418512e-07,2.9733337133257635e-07,3.526409989568197e-08,2.0411096380136984e-07,1.6713538406664194e-07,1.096033710578812e-07,1.5978373694868264e-07,1.6303964237777652e-07,3.064068475952451e-07,2.5261406589586237e-08,2.1353468622184556e-07,1.994862047853262e-07,4.712400061850431e-08,1.5977451301618638e-08,3.1169780586414497e-07,8.251359788203647e-08,1.3077478724306537e-08,1.4862656241804845e-08,1.441984739081931e-07,8.032005871621353e-09,3.5188848057284305e-08,4.42445907968485e-08,1.3827707876031287e-07,8.178434085736614e-09,2.807735778539474e-09,3.4046924787278395e-08,3.0304048876942754e-07,2.9698974501215056e-08,6.73970360899337e-08,1.0521170697882493e-07,1.5309198015199978e-08,6.281902820321861e-08,8.64919828319138e-08,1.633988178204203e-08,1.422057035629557e-07,8.478802046191557e-08,2.396231504158129e-08,8.306211678670287e-09,7.029388300213703e-08,6.915974080977475e-08,7.075229869608235e-08,4.439065705206904e-08,6.156265198540156e-08,1.0793047528764195e-07,8.846475427002222e-08,7.569537944799963e-07,7.488888270363068e-07,1.5342822651363502e-07,3.014355908398747e-07,2.6886435584412414e-07,5.794936128430776e-08,3.4951252799229816e-08,1.7200516646074954e-08,7.456530068842706e-08,1.2382978572019075e-07,8.637093535908617e-09,2.264072355452459e-08,4.0783533130630255e-07,1.8316561157233138e-08,5.307338704394101e-07,2.910845390956214e-07,1.8525685433023822e-08,9.880407845605464e-08,3.8105029119015136e-07,5.542726457822214e-07,3.261904564748409e-09,5.28648601847691e-07,4.755306090250571e-08,2.78544232859065e-07,1.821226992936821e-07,1.182205237420124e-07,1.5197893278856394e-07,1.3742728467693462e-07,3.7724482768284224e-08,4.840225262723352e-08,7.271362466476231e-08,3.146424351080933e-08,5.061053457766061e-07,2.146657422444573e-08,1.747772697441898e-07,7.494628795129804e-08,6.691337641680112e-08,6.569507795224394e-07,4.203464286557975e-08,1.5332107922902442e-08,3.1208908443232524e-08,2.671558326717608e-08,2.2541371965903237e-07,9.670987758927788e-08,1.0385909493047379e-07,1.2635691528363322e-07,1.0661156487903498e-08,5.98326781917582e-08,1.2066303292785886e-08,6.740526376935825e-08,2.506252611603768e-08,2.0030975792596677e-07,5.2281038715227833e-08,1.0571056089976177e-07,2.2473371840064713e-07,7.010321932986476e-08,2.189590516202473e-07,2.6386528491892443e-07,1.995836339432363e-07,3.125370431567457e-08,5.326015253592638e-08,4.419600892932683e-08,4.407613259012975e-08,1.882144279312187e-08,7.409574602633785e-08,3.215049033937282e-08,1.3513573975676113e-07,1.720938567679475e-07,2.770277083981738e-08,5.8151318439748435e-08,9.045215281579035e-08,4.009749777138663e-08,6.061376063373695e-08,3.5247960966018034e-08,3.1223198018131314e-08,2.111120459257724e-08,1.9247211223709347e-08,2.7450301872490533e-08,1.6005268296207762e-08,2.305910630350846e-08,4.106717728826133e-08,3.079076512928717e-08,4.836829079850712e-08,1.818900165010539e-08,1.5546486811873293e-08,1.6581503209206957e-08,3.4018882540362674e-08,3.822628642632673e-08,3.770376578159359e-08,3.086132031101054e-08,1.451349028062472e-08,2.0692139090322672e-08,2.643900928516766e-08,1.3219926962069739e-08,1.893031520647174e-08,1.6062027977651443e-08,2.892259891224147e-08,1.890952916124133e-08,1.780239024086749e-08,2.5670964404741446e-08,3.2429359723673085e-08
33,.,O-PUNCT,0,0.9999084514564487,1.3156651366275427e-06,4.128415704378165e-05,8.9532136158436e-08,4.099191432824083e-07,7.427888607290892e-07,2.7357382190771907e-07,5.110719925274949e-07,2.6770992382664586e-07,1.7862679119335503e-06,1.7066027501350862e-06,1.9604614505258108e-07,1.5043310833464332e-07,1.5413217517838876e-07,1.476946461086159e-07,8.654186226748205e-07,2.9267005028641716e-07,2.1883140508906706e-06,3.465704224461053e-08,1.2089075504590311e-06,1.7073376895289868e-07,2.450953171809474e-07,3.6587020682410483e-06,8.311509102574758e-08,6.988297807711049e-07,4.258584020235151e-07,1.5136844482698677e-08,8.021174910929445e-07,4.8498360686927584e-08,2.2119553563142044e-07,1.3255433589434782e-07,8.854308109635551e-08,6.242534753260489e-08,2.5713303727421798e-08,1.1819205556107649e-08,1.5604901144270758e-07,9.236291578260004e-08,1.4830487473814633e-08,6.144628004462695e-08,1.1781393349614392e-08,5.694657190129952e-08,2.480155165148302e-08,1.2372738611632016e-06,1.424924172717987e-07,2.7201793994038733e-08,2.073378982934912e-07,1.540381290679519e-07,9.879437987876366e-06,6.595465002507935e-09,8.170424221687044e-08,1.161960413637083e-07,1.0652990555402526e-07,1.5714390298949654e-08,3.090278790673272e-08,5.790731631244965e-10,3.32034658876737e-08,5.994416478403618e-08,4.0166082356854494e-08,2.4927595470972188e-09,5.112469650369655e-09,4.09945518755284e-08,3.6619535945250627e-07,4.0784777764280285e-07,3.395975806621827e-08,2.6275724118900153e-08,1.917509912312904e-08,1.0364379050015207e-07,4.3259252859596e-08,2.0711655575637217e-07,9.201997886939317e-09,1.7954066194040836e-08,1.2709558242843833e-07,2.9054412875130177e-08,1.179506377915678e-08,8.032469566853909e-08,6.922965415486302e-09,2.7319928645206896e-08,1.9457457907721002e-08,1.2233858018648964e-07,1.6095394431800326e-08,4.5164074992203115e-08,2.556230026426314e-08,8.063661676672054e-08,1.652139516816795e-08,3.021918593682139e-08,1.0543348604602739e-07,6.832689281924434e-08,1.5704270740914532e-07,8.630741323467426e-08,5.179017810130962e-07,8.786475839653378e-08,9.943964538863038e-09,5.9207837473596735e-08,9.92607617086445e-09,1.1221318398266483e-08,2.5193656911248408e-08,2.2608962610588936e-08,2.0729429616040386e-08,9.778749742921632e-09,3.445561889099689e-08,2.379906875999903e-08,2.5595085449593765e-08,1.5812526747695297e-08,5.858613981842232e-09,1.8240637512135413e-07,5.229397707649002e-09,2.994743911196348e-08,1.0947670312641395e-08,3.116037278800948e-08,5.049807771665858e-08,4.3308126649597336e-08,2.8583895752742893e-08,2.689473083625293e-08,3.0171268716012526e-08,3.078136996714444e-08,1.263376362193775e-07,1.4668894271319691e-08,2.3494617211815883e-09,2.579504297853106e-08,3.884841212884239e-08,8.130378689627112e-08,1.2457648812120974e-07,1.5693355473909536e-09,1.1897372706303924e-08,9.596930686352508e-09,1.3998911716384833e-09,5.591504380491204e-08,2.2768214133453046e-08,3.047200268881461e-08,9.887076333034282e-09,1.2461913859133198e-09,3.887450319440761e-08,1.5562151255376935e-08,4.14550045109563e-08,5.19185294730099e-08,1.0455589194275578e-08,2.9575065022670856e-08,4.531732550873947e-08,4.9659073356497726e-08,1.175553491831744e-08,1.1661166747754053e-07,1.6427433908870322e-09,4.48455873813524e-09,1.837478712491743e-08,1.2989532992375887e-07,1.6444433458322034e-08,2.6027521796859777e-08,1.143530818744192e-08,5.602606934765249e-08,1.3523151952624484e-09,1.313307047350396e-08,2.2934185864747528e-08,1.1643780614194108e-08,1.1653734385866315e-08,2.8244848885165004e-08,1.6026774180869975e-08,3.509221559435107e-07,8.250100826672362e-08,2.1251981607615937e-06,1.668403643871685e-08,4.76067857858275e-08,4.625784433840397e-09,2.535253877799095e-08,3.019439616952169e-09,1.9758375402517788e-07,3.4778770584965066e-07,2.030182747319096e-08,7.775601376594637e-08,2.132879055184861e-08,1.4003565552694454e-08,4.2836240685516825e-08,3.819596754054041e-08,1.4411976151509648e-08,1.458225676835047e-07,4.986256274634936e-08,2.53123383834062e-08,5.042569892196864e-08,5.2567413016220144e-08,2.2505016705712783e-08,4.468696518843698e-08,2.3286029664055254e-07,1.0334059093951776e-07,5.630545779321343e-08,1.1643742121261893e-07,2.3097137868163053e-08,5.173190322421239e-08,8.558640642149091e-09,1.0691421920612759e-07,2.229651498887799e-08,2.9167238504852143e-08,4.544350137831476e-09,4.757063580536604e-09,1.3238498241358737e-08,7.654351041984016e-08,9.352583990880543e-08,7.194133030325383e-09,1.0535629252705154e-07,4.268226161498322e-08,1.050007012591589e-09,7.495111022861149e-09,1.308981318718445e-07,3.299851307790691e-09,4.1136165062428904e-08,3.699043181288573e-09,4.467484092187673e-09,7.823682513175857e-08,7.787712717820677e-08,2.049035782700573e-07,7.969230754495817e-08,4.822973781293282e-08,8.586109471824751e-09,9.038592793566314e-08,6.0270874483090846e-09,1.9121338290492892e-08,7.467282210652872e-10,1.6192944965077246e-08,2.5400553468856136e-08,4.0253339563968294e-09,8.980578389535828e-08,8.125169850093871e-08,6.8548505472757794e-09,2.171159112788652e-07,1.2901870260060931e-08,4.060731448026316e-08,5.193578941024637e-07,3.287677789093574e-08,9.503086751338254e-09,5.106232650228251e-09,2.058569471699501e-08,1.8026596386724745e-09,1.018478434075634e-09,1.993901415059009e-09,4.6512491692806393e-08,1.2965417393454796e-08,1.0407519068346702e-08,1.2436377066669362e-07,2.6797237287903168e-08,3.825079232535654e-08,2.9482247362648386e-08,9.275271557768417e-08,5.653790763429747e-08,1.3550785930355606e-08,3.406771172404499e-08,3.2159321948060383e-08,1.4612151592947474e-08,3.6472438018959626e-08,1.101738338375275e-08,1.1179958665528077e-08,1.2409122065190089e-08,2.907845896922861e-09,1.2297157423241709e-08,4.608860049385805e-08,6.284011967376405e-08,5.806481010068229e-10,2.583364474285813e-08,4.619984902872257e-08,3.8510817536056055e-08,1.1212760476747464e-08,9.114797007537343e-09,1.201078811700414e-07,1.6570880039889288e-08,3.9539744831319037e-08,2.987076786814786e-08,9.114797007537343e-09,6.424618006914203e-09,8.44239632583769e-08,4.939172078515979e-09,4.15247810627594e-09,1.139281204103766e-08,9.940897481206082e-08,1.9574190394574792e-08,1.942779082307587e-08,2.3458717056488592e-08,2.728077104563548e-08,4.838616699819166e-09,5.227482995627565e-09,2.116668396771705e-08,4.461746864903397e-08,6.5571328023718094e-09,1.2515229426889544e-08,5.766376612258243e-09,2.059134952345e-08,9.088132578972736e-09,8.869482242720475e-09,1.0805936628495125e-08,4.3730460228134775e-08,7.736310424262483e-08,3.7229389457190178e-09,4.696607370114982e-08,5.246341484902519e-09,4.0213915907303896e-08,1.192722189737864e-09,6.110241369417359e-09,4.319343760523822e-09,1.6676909771849123e-08,2.7349215480193313e-09,2.217978668194672e-08,1.0941622057347251e-07,1.1440893197434685e-08,6.608942550763269e-08,4.84539794308184e-08,1.2122034991663512e-08,5.739008595244935e-10,4.577756139412788e-09,3.877760003440637e-10,5.602112544167651e-09,2.7469666932273622e-09,2.091944620948792e-08,1.8524615989567657e-09,1.2073670227835697e-08,3.9683598094363796e-08,2.9710857489312585e-09,5.704397591014652e-08,6.7634206568487684e-09,2.808412060289413e-08,8.96773619058473e-09,6.7167068361873e-08,3.2660881532588526e-09,2.8078978717594728e-08,1.2110162810354784e-07,1.489671312241919e-08,1.0883711369607082e-08,1.691376083618414e-09,1.187411907337487e-07,2.1490826905001696e-08,5.270894924954861e-09,8.101180027140609e-09,2.712552888140875e-08,7.825115203392487e-08,9.15689632410752e-09,9.188247858350416e-09,2.9120989310358824e-08,4.90687087550233e-09,1.2182153144248837e-09,2.654824709999248e-09,6.9477284382026e-09,7.617325019631197e-09,1.1369503624377252e-07,2.3652087651230012e-08,2.4375427113010953e-09,1.1818484191064318e-08,5.5664766025717145e-08,2.8183715668065504e-08,3.233449086976084e-08,1.1315850314680936e-07,1.627578952950885e-10,2.6591945421844057e-08,3.8893489520376766e-08,9.048528344950187e-08,1.276670246959038e-07,2.8460295556064857e-08,3.497377477665475e-09,5.782059751365233e-09,2.3021137361327624e-08,4.6010055164928244e-09,7.60290084840153e-08,7.501543072952947e-10,2.51629216986283e-08,3.23661899430221e-09,1.1808750071054182e-08,2.8385699109301972e-08,2.7096571158615555e-08,4.1439826014325647e-08,3.345979920077201e-08,9.613345713460683e-09,5.0401083008900376e-08,1.5512837959395136e-08,2.4675555263430575e-09,1.5769155933875123e-08,9.860559747788361e-09,5.045665252412377e-09,2.0249850863161627e-08,1.9426012237121598e-08,9.895193677729444e-08,2.9209995260218166e-08,1.2660050223653746e-08,4.660642378581918e-09,3.870994901523694e-08,4.093954242107021e-08,2.7857065643356924e-08,8.844345144923194e-09,4.9023643501840067e-08,6.377734600991704e-09,6.755604213832673e-10,2.94849466665724e-08,2.7167779830281777e-08,1.1133010909198775e-09,9.785284920976667e-08,3.780515709659111e-08,9.822449292143591e-10,1.839498536216707e-08,1.8192947798800663e-09,9.512049906486968e-08,5.662443068076518e-09,4.087850390169968e-09,2.9683570704128746e-08,4.159834582259588e-09,2.5843107038610805e-08,5.737063405397148e-09,1.6287606950109803e-08,1.9258962374955464e-08,1.3358262531688642e-09,1.1982271596679333e-08,2.6000615662026206e-09,4.974704872233172e-08,8.416185575617568e-09,4.342340732576714e-09,7.250138757687625e-10,1.289163724065428e-08,6.228093584711481e-09,1.310188938301793e-09,3.744233326421962e-08,1.4131113620927938e-09,4.438252962411236e-08,3.656035422324467e-07,2.787492409893143e-08,1.8893378017799432e-08,1.751682278117224e-09,4.762599139330991e-10,1.8225178187529593e-09,3.2979275938828474e-08,6.380091716684241e-10,1.577878360067052e-08,7.559199880405005e-09,1.383666395204084e-09,9.330409536246362e-10,7.90000386770515e-09,4.014048210036675e-09,2.1150541228175712e-08,8.608644954230405e-08,6.682810777223892e-10,4.991144544055527e-09,4.557822276495086e-09,8.842725845215486e-09,6.0089056488363305e-09,3.6545973381557317e-08,9.525766059785577e-10,3.569720796883919e-08,1.019532382890867e-08,8.082412441748203e-09,4.0373772868361635e-08,3.5149253179048506e-09,8.478802046191557e-08,2.0922707675149106e-09,1.543916085527843e-08,1.953725387128284e-09,1.013606959993259e-08,2.66195514816036e-08,1.2822580669119267e-08,4.82608162143988e-09,4.289263148968079e-09,3.3175215577147997e-09,1.7977093362234804e-08,6.363348008700194e-09,6.67644738436649e-08,9.364038646820007e-09,4.732319122404365e-10,2.5952964875527208e-08,1.7481043115063258e-09,5.749507653231834e-09,8.250379878369955e-09,1.5853597595166332e-08,1.3606728607309646e-08,4.6664775205798295e-09,1.7140779953818345e-08,1.5127146853970684e-08,1.913307584318469e-09,3.06577235152251e-09,3.711355956181753e-08,4.566578512036876e-08,6.827895070693802e-08,1.943787255315669e-08,1.967720590762158e-08,1.0649485429099842e-09,2.2656620754175568e-08,7.6256982615582e-09,1.6018950517768917e-08,1.0355278997544e-09,3.624632070670074e-10,8.025416959632673e-10,4.218642507203746e-09,1.2508738224488851e-08,2.399451261390477e-08,1.006363748902335e-08,5.657261318993694e-09,1.828249527287178e-08,8.551591444148108e-09,2.2762036763920544e-09,1.7417085120786167e-08,6.1745364180534825e-09,1.3065910147832432e-08,2.5716442750030048e-08,6.68768509817865e-09,4.7932033340980506e-09,6.470661135824159e-09,7.450665241146288e-10,1.7793699789372616e-08,2.2529067499128872e-08,8.300890189301222e-09,4.350564609078068e-09,3.027364571622972e-08,7.479116828053018e-09,1.380961993884178e-08,8.420553015644907e-09,1.720156651433514e-08,1.6081156151984273e-08,5.656589477486289e-10,2.277801914372513e-09,9.25155565083585e-09,5.450173422130464e-09,4.2449879514945164e-09,6.115484971338825e-10,3.967040995531357e-09,3.1800283267153564e-09,8.784091932517236e-09,4.843048614173598e-09,5.98198979178693e-08,9.886774608013844e-09,4.2365617531927834e-08,3.249485089653967e-09,2.4661922768708328e-08,3.828582800726569e-08,2.947694694335573e-09,4.2218483471431843e-08,9.998095362863363e-08,2.1289842484935713e-09,5.565475842364615e-09,5.267839566835142e-09,1.61722031432625e-08,9.965838092523862e-09,3.5012219227502096e-09,9.197505820693695e-09,4.639781172996479e-09,8.603711701761339e-10,2.5278372457159215e-08,1.8529643369129603e-08,1.2989972350792056e-08,2.7777267917398297e-08,7.425873305936796e-08,3.3336472484310735e-08,4.685170517732454e-09,2.3756334743461827e-09,1.9483007831220915e-08,3.334370491410153e-09,2.7088303202997102e-08,2.4848604984798242e-09,1.1096679993557306e-08,1.2663141433557484e-08,3.945188732051309e-09,1.1521128205679767e-08,1.6095938842981954e-09,2.3169853569370258e-08,7.928987584309938e-09,1.3026139998346722e-09,4.195006356945558e-08,6.370537243689804e-09,4.512840264169414e-09,1.4894034940370855e-09,5.1392188378872965e-09,6.785748980154167e-09,2.8194038743098663e-08,6.0379492184969335e-09,1.3759979904875772e-08,1.8164100049603785e-09,2.4852314711286356e-08,2.7644589522155014e-09,1.0458815049381408e-09,4.997851022004562e-09,1.0517032245359631e-08,8.718954792056679e-10,1.0153440360828074e-09,8.066668553326523e-10,2.7137210346092756e-09,8.539334465082864e-09,3.3443575956685612e-09,9.59078228000329e-09,9.564476551684665e-09,8.01440329084248e-10,9.643610986088472e-09,5.349344215300555e-10,7.606896542676904e-10,8.144090566042189e-10,2.2725175356187406e-08,2.5568710875963804e-10,6.007092014864083e-10,9.311067190626899e-10,2.2342224676706534e-09,1.3887382314083231e-08,6.285396078006223e-10,6.371530448206575e-10,4.015150852723299e-09,8.037645550080901e-09,9.423092238987956e-09,1.6989289356989436e-09,3.2663871862484282e-09,1.5215578312989665e-08
